# Wavelength(nm)  Throughput(0-1)
387.6 0.01003114953477504
387.70000000000005 0.01057153996329685
387.80000000000007 0.01113528301303433
387.9000000000001 0.011722944526152032
388.0000000000001 0.012335094237237965
388.10000000000014 0.012970439703896037
388.20000000000016 0.013630358285292769
388.3000000000002 0.01431541372611687
388.4000000000002 0.01502532447752147
388.5000000000002 0.015760230738713823
388.60000000000025 0.016519420225662294
388.7000000000003 0.017303454885631023
388.8000000000003 0.01811204418264281
388.9000000000003 0.018945322923629333
389.00000000000034 0.019802566242577452
389.10000000000036 0.020680616666038484
389.2000000000004 0.021581288345374604
389.3000000000004 0.02250512445593974
389.40000000000043 0.023450072728335627
389.50000000000045 0.02441580023904801
389.6000000000005 0.025401970779379127
389.7000000000005 0.026406938098810343
389.8000000000005 0.027430352026605938
389.90000000000055 0.028471421878709557
390.00000000000057 0.02952891235125845
390.1000000000006 0.030599333639249486
390.2000000000006 0.03168478763503618
390.30000000000064 0.032784894528034146
390.40000000000066 0.03389838909057704
390.5000000000007 0.03502576450487652
390.6000000000007 0.03616574622504956
390.7000000000007 0.037317937357117276
390.80000000000075 0.03848149363944875
390.9000000000008 0.03965600963636761
391.0000000000008 0.04084107680612286
391.1000000000008 0.042023466127501116
391.20000000000084 0.04321401969507236
391.30000000000086 0.04441275879680904
391.4000000000009 0.04561835953576228
391.5000000000009 0.046830388354028744
391.60000000000093 0.048047959428191726
391.70000000000095 0.04927018177411364
391.800000000001 0.05049706119760416
391.900000000001 0.05172724864319998
392.000000000001 0.05296029184538422
392.10000000000105 0.05417104978807782
392.20000000000107 0.05538226109924929
392.3000000000011 0.05659301328156196
392.4000000000011 0.05780239029710189
392.50000000000114 0.059009927045750386
392.60000000000116 0.06021424681520033
392.7000000000012 0.06141487830932023
392.8000000000012 0.06261134846168671
392.9000000000012 0.06380226993825364
393.00000000000125 0.06498716347658318
393.1000000000013 0.06618709874014608
393.2000000000013 0.06738076286928688
393.3000000000013 0.06856903730737705
393.40000000000134 0.06975143105821036
393.50000000000136 0.07092882970541302
393.6000000000014 0.07210166332430283
393.7000000000014 0.07326944269306777
393.80000000000143 0.07443259906995373
393.90000000000146 0.07559156607906883
394.0000000000015 0.07674631710448895
394.1000000000015 0.07789938481101609
394.2000000000015 0.0790496322129307
394.30000000000155 0.08019703756879455
394.40000000000157 0.08134250918038166
394.5000000000016 0.0824860289298267
394.6000000000016 0.08362851115819118
394.70000000000164 0.08477087503796701
394.80000000000166 0.08591264226111436
394.9000000000017 0.08705520426887642
395.0000000000017 0.08819902245928424
395.1000000000017 0.08935343260743094
395.20000000000175 0.09051023382044124
395.3000000000018 0.09167083593700023
395.4000000000018 0.0928357141075418
395.5000000000018 0.09400628988020972
395.60000000000184 0.09518304751279409
395.70000000000186 0.09636694706404318
395.8000000000019 0.09755942764628889
395.9000000000019 0.09876051267845004
396.00000000000193 0.09997165103074072
396.10000000000196 0.10118600320330329
396.200000000002 0.102412682885214
396.300000000002 0.10365363486856506
396.400000000002 0.10490938094917351
396.50000000000205 0.10618283647391318
396.60000000000207 0.10747453735496629
396.7000000000021 0.10878693974640706
396.8000000000021 0.11012107189598959
396.90000000000214 0.11147892830996696
397.00000000000216 0.11286203202668664
397.1000000000022 0.11425053200478977
397.2000000000022 0.11566541732789706
397.3000000000022 0.11710773068067584
397.40000000000225 0.11857803555415843
397.5000000000023 0.12007592972189036
397.6000000000023 0.1216029465810774
397.7000000000023 0.12315868599961258
397.80000000000234 0.12474371670438802
397.90000000000236 0.12635909551690405
398.0000000000024 0.12800442387580993
398.1000000000024 0.12967610373513716
398.20000000000243 0.13137731875517036
398.30000000000246 0.13310571098080223
398.4000000000025 0.1348608665206359
398.5000000000025 0.136640413197826
398.6000000000025 0.1384434373912294
398.70000000000255 0.14026853133706887
398.80000000000257 0.142113790589334
398.9000000000026 0.14397730257531088
399.0000000000026 0.14585862140468975
399.10000000000264 0.14779884054609901
399.20000000000266 0.14975355035884666
399.3000000000027 0.15172032220518913
399.4000000000027 0.15369720860510985
399.50000000000273 0.15568126189887474
399.60000000000275 0.15767001427881133
399.7000000000028 0.15966197722633016
399.8000000000028 0.1616536670860695
399.9000000000028 0.1636435718374817
400.00000000000284 0.16562867723194993
400.10000000000286 0.1676621438681227
400.2000000000029 0.16968838683212945
400.3000000000029 0.17170584064377414
400.40000000000293 0.1737129300178834
400.50000000000296 0.17570857208106763
400.600000000003 0.17769117438943532
400.700000000003 0.17965863084318126
400.800000000003 0.18161033627323175
400.90000000000305 0.1835441657869019
401.00000000000307 0.18545848772037274
401.1000000000031 0.18736003045794583
401.2000000000031 0.18923992194870526
401.30000000000314 0.19109701125817072
401.40000000000316 0.1929301407449503
401.5000000000032 0.194737635566734
401.6000000000032 0.19651832215320592
401.70000000000323 0.19827153239786324
401.80000000000325 0.19999556882255778
401.9000000000033 0.20168975158368632
402.0000000000033 0.2033523681125396
402.1000000000033 0.20491293223941065
402.20000000000334 0.20644226427738877
402.30000000000337 0.20794126434558316
402.4000000000034 0.20941238987724053
402.5000000000034 0.21085707556229685
402.60000000000343 0.21227728270751467
402.70000000000346 0.21367550255064832
402.8000000000035 0.21505267962065186
402.9000000000035 0.21641132570311894
403.0000000000035 0.2177529232119883
403.10000000000355 0.2188180904543654
403.20000000000357 0.2198693362347537
403.3000000000036 0.2209113502855758
403.4000000000036 0.22194673785855082
403.50000000000364 0.22297966950572648
403.60000000000366 0.22401483856755794
403.7000000000037 0.22505485343824208
403.8000000000037 0.22610388816146948
403.90000000000373 0.22716611802240558
404.00000000000375 0.22824467614345295
404.1000000000038 0.22934374005994626
404.2000000000038 0.23046435787043948
404.3000000000038 0.2316080998023582
404.40000000000384 0.2327765365486825
404.50000000000387 0.23397019547574846
404.6000000000039 0.23519116990975727
404.7000000000039 0.23643998787657947
404.80000000000393 0.23771874359472298
404.90000000000396 0.23902848780087257
405.000000000004 0.24037027154207857
405.100000000004 0.24174514617576157
405.200000000004 0.24315416336971052
405.30000000000405 0.24459628627621904
405.40000000000407 0.2460725667182611
405.5000000000041 0.24758248997700358
405.6000000000041 0.24912710814699157
405.70000000000414 0.25070538418654137
405.80000000000416 0.252318892745825
405.9000000000042 0.2539660743051221
406.0000000000042 0.2556485037473808
406.10000000000423 0.25736514383693715
406.20000000000425 0.2591149570277586
406.3000000000043 0.2608963828690163
406.4000000000043 0.2627068151778894
406.5000000000043 0.2645446923396679
406.60000000000434 0.2664084522740925
406.70000000000437 0.26829653243535145
406.8000000000044 0.2702068470236719
406.9000000000044 0.2721373096185486
407.00000000000443 0.2740863560447335
407.10000000000446 0.2760518987566353
407.2000000000045 0.2780302807571571
407.3000000000045 0.2800178439629094
407.4000000000045 0.2820109292042186
407.50000000000455 0.28400483010516203
407.60000000000457 0.2859964081894847
407.7000000000046 0.2879814777746876
407.8000000000046 0.28995637511316086
407.90000000000464 0.2919169121558485
408.00000000000466 0.29385942286617506
408.1000000000047 0.2957802401212797
408.2000000000047 0.29767517238046237
408.30000000000473 0.2995415969725857
408.40000000000475 0.30137636704145343
408.5000000000048 0.30317476445594593
408.6000000000048 0.3049346871219608
408.7000000000048 0.3066519382225379
408.80000000000484 0.30832284326356774
408.90000000000487 0.30994529747402255
409.0000000000049 0.31151457725254283
409.1000000000049 0.31302857600468675
409.20000000000493 0.3144862339542966
409.30000000000496 0.3158875385314571
409.400000000005 0.3172324771662563
409.500000000005 0.3185205134528803
409.600000000005 0.31975268245441724
409.70000000000505 0.320927923890361
409.80000000000507 0.32204622507440855
409.9000000000051 0.323108097311342
410.0000000000051 0.32411247997148906
410.10000000000514 0.32506040838951
410.20000000000516 0.32595344231790385
410.3000000000052 0.32679366612098754
410.4000000000052 0.3275836889688788
410.50000000000523 0.3283250723598968
410.60000000000525 0.32901990252056895
410.7000000000053 0.32967079059961035
410.8000000000053 0.3302798241814084
410.9000000000053 0.33084856709204535
411.00000000000534 0.3313796324588329
411.10000000000537 0.33187563418500393
411.2000000000054 0.3323391869497119
411.3000000000054 0.3327739552764844
411.40000000000543 0.33318360477513864
411.50000000000546 0.33357075291814164
411.6000000000055 0.3339401165563423
411.7000000000055 0.3342937904901907
411.8000000000055 0.33463596905370147
411.90000000000555 0.33496979828835655
412.00000000000557 0.33529842516674196
412.1000000000056 0.3356255224371443
412.2000000000056 0.3359537141673559
412.30000000000564 0.33628562520108973
412.40000000000566 0.336622831236013
412.5000000000057 0.33696848343468283
412.6000000000057 0.3373252088521861
412.70000000000573 0.3376945851647876
412.80000000000575 0.33808029097897363
412.9000000000058 0.33848338021270263
413.0000000000058 0.3389075330630982
413.1000000000058 0.3393543298833507
413.20000000000584 0.3398248262208519
413.30000000000587 0.34031955262321273
413.4000000000059 0.3408390397932297
413.5000000000059 0.3413843439766219
413.60000000000593 0.3419559963029416
413.70000000000596 0.3425545280569259
413.800000000006 0.3431809961826218
413.900000000006 0.3438354068485992
414.000000000006 0.3445188173868654
414.10000000000605 0.34523123419876617
414.20000000000607 0.34597213802633436
414.3000000000061 0.34673890666398655
414.4000000000061 0.34753102007783565
414.50000000000614 0.348346380751709
414.60000000000616 0.3491828905486989
414.7000000000062 0.35004002827103703
414.8000000000062 0.35091516899741754
414.90000000000623 0.35180779075415214
415.00000000000625 0.35271526753364596
415.1000000000063 0.35363655057781357
415.2000000000063 0.3545700647709289
415.3000000000063 0.3555131823595758
415.40000000000634 0.3564648531890121
415.50000000000637 0.3574224483031447
415.6000000000064 0.35838439037487385
415.7000000000064 0.35934910161154776
415.80000000000643 0.360314477474912
415.90000000000646 0.36127841280597794
416.0000000000065 0.3622393281826782
416.1000000000065 0.36349307612897636
416.2000000000065 0.36474215785547426
416.30000000000655 0.3659839175712113
416.40000000000657 0.3672178030332218
416.5000000000066 0.3684411452725613
416.6000000000066 0.369652853451923
416.70000000000664 0.37085077366458946
416.80000000000666 0.37203380471912223
416.9000000000067 0.37319978047210445
417.0000000000067 0.37434705831390835
417.10000000000673 0.37554268267566354
417.20000000000675 0.3767181859595893
417.3000000000068 0.37787296554796307
417.4000000000068 0.3790058832159113
417.5000000000068 0.3801168640024581
417.60000000000684 0.38120583294662863
417.70000000000687 0.3822716450089149
417.8000000000069 0.3833142218210238
417.9000000000069 0.38433294883962493
418.00000000000693 0.3853277459927549
418.10000000000696 0.386128542960075
418.200000000007 0.38690585220485846
418.300000000007 0.3876612420999192
418.400000000007 0.3883957469326684
418.50000000000705 0.38911148045578925
418.60000000000707 0.38981056173700873
418.7000000000071 0.39049349795432753
418.8000000000071 0.3911624158158457
418.90000000000714 0.3918194473447066
419.00000000000716 0.3924651096846078
419.1000000000072 0.3929980177612992
419.2000000000072 0.39352255563769556
419.30000000000723 0.3940414173965764
419.40000000000725 0.3945556784392976
419.5000000000073 0.39506641568026973
419.6000000000073 0.39557633114581453
419.7000000000073 0.39608596508989113
419.80000000000734 0.396598024834515
419.90000000000737 0.3971130544162843
420.0000000000074 0.3976332244967684
420.1000000000074 0.3982394998611077
420.20000000000744 0.3988527118348957
420.30000000000746 0.39947178544261475
420.4000000000075 0.4000972727687564
420.5000000000075 0.40072809675255516
420.6000000000075 0.4013642654371088
420.70000000000755 0.4020063309069086
420.80000000000757 0.4026532134201568
420.9000000000076 0.4033043754890951
421.0000000000076 0.4039603683045427
421.10000000000764 0.4047001768483047
421.20000000000766 0.4054439128055348
421.3000000000077 0.4061915834671529
421.4000000000077 0.40694319612408003
421.50000000000773 0.4076982111069091
421.60000000000775 0.40845663449140734
421.7000000000078 0.409217924582913
421.8000000000078 0.40998263441751914
421.9000000000078 0.4107496729099308
422.00000000000784 0.41151959269119737
422.10000000000787 0.412386436887441
422.2000000000079 0.4132541873119973
422.3000000000079 0.4141206416406464
422.40000000000794 0.4149841401528616
422.50000000000796 0.41584246510152323
422.600000000008 0.4166939424068532
422.700000000008 0.4175374443155355
422.800000000008 0.4183696258589582
422.90000000000805 0.4191898981647294
423.0000000000081 0.41999600732169473
423.1000000000081 0.42085880807250803
423.2000000000081 0.42170359553195275
423.30000000000814 0.42252808086602656
423.40000000000816 0.42332996518897914
423.5000000000082 0.4241080544533018
423.6000000000082 0.42485947536592394
423.70000000000823 0.4255824594720168
423.80000000000825 0.4262746714482419
423.9000000000083 0.4269343258774454
424.0000000000083 0.42755906921750003
424.1000000000083 0.42820436696850545
424.20000000000834 0.4288122840847809
424.30000000000837 0.4293826792028459
424.4000000000084 0.42991541095922
424.5000000000084 0.43040977388775215
424.60000000000844 0.4308661893210309
424.70000000000846 0.4312833848770303
424.8000000000085 0.43166121497246485
424.9000000000085 0.43200010093992325
425.0000000000085 0.4322987640676731
425.10000000000855 0.4325754639462613
425.2000000000086 0.4328133281133997
425.3000000000086 0.433012780293964
425.4000000000086 0.4331748176459155
425.50000000000864 0.43329987188825775
425.60000000000866 0.4333895216061668
425.7000000000087 0.43344420869298983
425.8000000000087 0.4334643779490304
425.90000000000873 0.43345162540119775
426.00000000000875 0.43340698091068325
426.1000000000088 0.43309232875533726
426.2000000000088 0.4327508813135538
426.3000000000088 0.4323848877227795
426.40000000000884 0.431998333255329
426.50000000000887 0.43159463772299217
426.6000000000089 0.43117665342789274
426.7000000000089 0.4307483963794263
426.80000000000894 0.4303127377317938
426.90000000000896 0.42987313541076366
427.000000000009 0.42943305717794567
427.100000000009 0.42871136822262956
427.200000000009 0.4279954045615327
427.30000000000905 0.4272874832022959
427.4000000000091 0.4265899215595196
427.5000000000091 0.42590445834274937
427.6000000000091 0.425232832566751
427.70000000000914 0.42457736271439794
427.80000000000916 0.4239403676755259
427.9000000000092 0.4233235875331728
428.0000000000092 0.4227287626755988
428.10000000000923 0.42215879232553893
428.20000000000925 0.4216159969243669
428.3000000000093 0.4211032766359164
428.4000000000093 0.42062469081458614
428.5000000000093 0.4201825614278549
428.60000000000935 0.4197797902419641
428.70000000000937 0.4194192795318573
428.8000000000094 0.41910509096652543
428.9000000000094 0.4188395485228164
429.00000000000944 0.41862613557162615
429.10000000000946 0.41846717705633496
429.2000000000095 0.41836325969404525
429.3000000000095 0.4183161294432958
429.4000000000095 0.4183263733772795
429.50000000000955 0.41839399905021113
429.6000000000096 0.4185195936624593
429.7000000000096 0.4187049038593095
429.8000000000096 0.4189493578031736
429.90000000000964 0.41925470244455854
430.00000000000966 0.4196215255434034
430.1000000000097 0.42004925541473076
430.2000000000097 0.42053790007058656
430.30000000000973 0.42108456840202135
430.40000000000975 0.4216886881899215
430.5000000000098 0.42234794748822446
430.6000000000098 0.42306061384441207
430.7000000000098 0.4238261143526237
430.80000000000985 0.42464155619975963
430.90000000000987 0.4255057859944496
431.0000000000099 0.42641765014184013
431.1000000000099 0.4273748347882399
431.20000000000994 0.4283750256729967
431.30000000000996 0.42941706828559456
431.40000000001 0.4304980676000855
431.50000000001 0.43161628834065713
431.60000000001 0.4327694147714232
431.70000000001005 0.43395513074953684
431.8000000000101 0.4351716999309126
431.9000000000101 0.4364162252039272
432.0000000000101 0.4376875497180384
432.10000000001014 0.4389827755731351
432.20000000001016 0.44029958466786984
432.3000000000102 0.44163391749523134
432.4000000000102 0.44298403526937064
432.50000000001023 0.44434587736413333
432.60000000001025 0.4457165432595967
432.7000000000103 0.44709371236177675
432.8000000000103 0.4484739027495752
432.9000000000103 0.4498542123769659
433.00000000001035 0.4512311581782723
433.10000000001037 0.45260183701375967
433.2000000000104 0.45396334523499177
433.3000000000104 0.4553104563358249
433.40000000001044 0.4566402653451999
433.50000000001046 0.4579481248689906
433.6000000000105 0.45923112868981875
433.7000000000105 0.46048462801463136
433.8000000000105 0.46170513466530394
433.90000000001055 0.4628885791134115
434.0000000000106 0.46403147188364124
434.1000000000106 0.46512974209950914
434.2000000000106 0.46618222225318207
434.30000000001064 0.46718600210854
434.40000000001066 0.4681399135218737
434.5000000000107 0.46904220725351936
434.6000000000107 0.4698911337585944
434.70000000001073 0.4706849431869951
434.80000000001075 0.4714218853833954
434.9000000000108 0.4720996288930384
435.0000000000108 0.4727175849131458
435.1000000000108 0.47327342140395406
435.20000000001085 0.47376829234184115
435.30000000001087 0.4742016086188089
435.4000000000109 0.47457568663205574
435.5000000000109 0.4748899374516287
435.60000000001094 0.47514609673486485
435.70000000001096 0.4753441568512446
435.800000000011 0.4754846913933754
435.900000000011 0.47556943655273076
436.000000000011 0.4755983850040116
436.10000000001105 0.4755726920207845
436.2000000000111 0.4754946757298326
436.3000000000111 0.47536665466490013
436.4000000000111 0.4751921105181681
436.50000000001114 0.47497336278991326
436.60000000001116 0.47471273138737324
436.7000000000112 0.47441253662474675
436.8000000000112 0.4740768436556285
436.90000000001123 0.4737068108312281
437.00000000001125 0.47330592281962985
437.1000000000113 0.4728765017917925
437.2000000000113 0.47242261506329075
437.3000000000113 0.47194600424326816
437.40000000001135 0.47145131939653107
437.50000000001137 0.4709414664352378
437.6000000000114 0.4704193517802475
437.7000000000114 0.46988846406751417
437.80000000001144 0.4693522925434344
437.90000000001146 0.46881432706484516
438.0000000000115 0.46827689453362814
438.1000000000115 0.4677440676830274
438.2000000000115 0.4672175926241921
438.30000000001155 0.46670037949150184
438.4000000000116 0.4661947570435966
438.5000000000116 0.4657030544460789
438.6000000000116 0.4652276012715112
438.70000000001164 0.46477014553867313
438.80000000001166 0.464334181530104
438.9000000000117 0.4639214581039399
439.0000000000117 0.46353430646058863
439.10000000001173 0.46317505820741806
439.20000000001176 0.4628448811829173
439.3000000000118 0.4625455255424118
439.4000000000118 0.4622775774688669
439.5000000000118 0.4620427875754389
439.60000000001185 0.4618423245908446
439.70000000001187 0.4616773574472811
439.8000000000119 0.4615490552804265
439.9000000000119 0.4614585874294391
440.00000000001194 0.4614077057283813
440.10000000001196 0.46159074505760306
440.200000000012 0.4618139711321278
440.300000000012 0.46207802293463146
440.400000000012 0.4623829571563903
440.50000000001205 0.4627282468474874
440.6000000000121 0.46311453180047435
440.7000000000121 0.46354128452551796
440.8000000000121 0.46400914535508647
440.90000000001214 0.46451817098045617
441.00000000001216 0.46506783310191724
441.1000000000122 0.4656568312581967
441.2000000000122 0.46628540419427966
441.30000000001223 0.4669506768504367
441.40000000001226 0.46765152699386425
441.5000000000123 0.468386243913474
441.6000000000123 0.4691513538776116
441.7000000000123 0.46994689792909927
441.80000000001235 0.4707693942886697
441.90000000001237 0.47161770436004097
442.0000000000124 0.47248951205386036
442.1000000000124 0.47342240223223353
442.20000000001244 0.47437602607212986
442.30000000001246 0.47534923866674345
442.4000000000125 0.47634030363071744
442.5000000000125 0.4773486592915664
442.6000000000125 0.47837256355638824
442.70000000001255 0.4794108604203742
442.8000000000126 0.4804629815522362
442.9000000000126 0.48152658577046065
443.0000000000126 0.4826016901976815
443.10000000001264 0.4836891929036787
443.20000000001266 0.4847840983398715
443.3000000000127 0.48588345806330213
443.4000000000127 0.48698431720996244
443.50000000001273 0.4880843069444346
443.60000000001276 0.48918105329446004
443.7000000000128 0.490272177150939
443.8000000000128 0.49135410744232594
443.9000000000128 0.49242445285952285
444.00000000001285 0.4934814110114887
444.10000000001287 0.49447334790805
444.2000000000129 0.495446942032311
444.3000000000129 0.4964015733327158
444.40000000001294 0.4973360256020645
444.50000000001296 0.4982502712681528
444.600000000013 0.49914130460647327
444.700000000013 0.5000096899989908
444.80000000001303 0.5008542044111006
444.90000000001305 0.5016724298709843
445.0000000000131 0.5024649276094897
445.1000000000131 0.5031759487914761
445.2000000000131 0.5038586721241948
445.30000000001314 0.5045136662820352
445.40000000001316 0.5051391108325389
445.5000000000132 0.5057361713295536
445.6000000000132 0.5063030255529751
445.70000000001323 0.5068402411840578
445.80000000001326 0.5073471901588668
445.9000000000133 0.5078232436189598
446.0000000000133 0.5082683705784845
446.1000000000133 0.5086588059956387
446.20000000001335 0.5090188321060786
446.30000000001337 0.5093484226870684
446.4000000000134 0.5096487502212026
446.5000000000134 0.5099197895140882
446.60000000001344 0.5101627147622239
446.70000000001346 0.5103781016663952
446.8000000000135 0.5105659265747235
446.9000000000135 0.5107279664641804
447.00000000001353 0.5108641992254043
447.10000000001355 0.5110001654932903
447.2000000000136 0.5111126779605284
447.3000000000136 0.5112023141250599
447.4000000000136 0.5112708546555846
447.50000000001364 0.511319481244896
447.60000000001367 0.5113493771916158
447.7000000000137 0.511361727400196
447.8000000000137 0.5113583203677535
447.90000000001373 0.5113391404374541
448.00000000001376 0.5113071838939401
448.1000000000138 0.5113183718228455
448.2000000000138 0.5113191196937117
448.3000000000138 0.5113112234719613
448.40000000001385 0.5112958788679528
448.50000000001387 0.5112748874468385
448.6000000000139 0.5112506579618323
448.7000000000139 0.5112237906679982
448.80000000001394 0.511197304973112
448.90000000001396 0.5111724112534911
449.000000000014 0.5111503220186884
449.100000000014 0.5111625074019498
449.20000000001403 0.5111811141708211
449.30000000001405 0.5112079701339334
449.4000000000141 0.5112443004534911
449.5000000000141 0.5112919392601923
449.6000000000141 0.511351510575071
449.70000000001414 0.5114260682721147
449.80000000001417 0.5115156349301357
449.9000000000142 0.5116220564208137
450.0000000000142 0.5117477902937521
450.10000000001423 0.5117064010426269
450.20000000001426 0.5116850552758554
450.3000000000143 0.5116837607868939
450.4000000000143 0.5117019169889713
450.5000000000143 0.5117407483572758
450.60000000001435 0.5117990458460873
450.70000000001437 0.5118768170126966
450.8000000000144 0.5119746781095084
450.9000000000144 0.5120914193823064
451.00000000001444 0.5122276570047727
451.10000000001446 0.5123736960084729
451.2000000000145 0.5125380243745311
451.3000000000145 0.5127212572042692
451.40000000001453 0.5129234007464515
451.50000000001455 0.5131426336843036
451.6000000000146 0.5133801801732786
451.7000000000146 0.5136348276147779
451.8000000000146 0.5139065816528462
451.90000000001464 0.5141948384742525
452.00000000001467 0.5144996035214697
452.1000000000147 0.5148312236778859
452.2000000000147 0.5151781548683988
452.30000000001473 0.51554040305072
452.40000000001476 0.5159173643403491
452.5000000000148 0.5163084345350402
452.6000000000148 0.5167142291169734
452.7000000000148 0.5171329235639891
452.80000000001485 0.5175645228805646
452.90000000001487 0.5180090320711785
453.0000000000149 0.5184658458214815
453.1000000000149 0.5189535785595059
453.20000000001494 0.5194518250350572
453.30000000001496 0.5199587586076427
453.400000000015 0.5204731621335056
453.500000000015 0.520992595981516
453.60000000001503 0.5215158407471572
453.70000000001505 0.5220416762038167
453.8000000000151 0.5225682701618634
453.9000000000151 0.5230944004422107
454.0000000000151 0.5236182326972288
454.10000000001514 0.5241377655214878
454.20000000001517 0.5246525499675619
454.3000000000152 0.5251638068949547
454.4000000000152 0.5256696992086709
454.50000000001523 0.526170836014346
454.60000000001526 0.5266672148674584
454.7000000000153 0.5271576092046194
454.8000000000153 0.5276426281314648
454.9000000000153 0.5281210443716208
455.00000000001535 0.5285934669288619
455.10000000001537 0.529019758289185
455.2000000000154 0.5294393816305595
455.3000000000154 0.5298511100349961
455.40000000001544 0.5302555539039121
455.50000000001546 0.5306527112176228
455.6000000000155 0.5310413545532184
455.7000000000155 0.531422094312116
455.80000000001553 0.5317937026786891
455.90000000001555 0.5321567899982521
456.0000000000156 0.53251012806246
456.1000000000156 0.5328396030325028
456.2000000000156 0.5331586946827607
456.30000000001564 0.5334680140593793
456.40000000001567 0.533766333117127
456.5000000000157 0.5340530366193004
456.6000000000157 0.5343287354945536
456.70000000001573 0.534591588027515
456.80000000001576 0.534842204990182
456.9000000000158 0.5350793574757127
457.0000000000158 0.5353036562169403
457.1000000000158 0.5355142634773623
457.20000000001585 0.5357113987437837
457.30000000001587 0.5358962862747846
457.4000000000159 0.5360683102175077
457.5000000000159 0.5362293086235449
457.60000000001594 0.5363786657984883
457.70000000001596 0.5365176066743296
457.800000000016 0.5366467428653972
457.900000000016 0.5367660724702953
458.00000000001603 0.5368768210152043
458.10000000001605 0.5369958145283222
458.2000000000161 0.5371074550098199
458.3000000000161 0.5372123542315647
458.4000000000161 0.5373111242008084
458.50000000001614 0.5374049911682045
458.60000000001617 0.5374939537214478
458.7000000000162 0.5375792386996522
458.8000000000162 0.5376620734126996
458.90000000001623 0.5377424571544379
459.00000000001626 0.5378216178232144
459.1000000000163 0.5379303952173279
459.2000000000163 0.5380391808278557
459.3000000000163 0.5381473600724457
459.40000000001635 0.5382567766981553
459.50000000001637 0.5383674312651949
459.6000000000164 0.5384787094713172
459.7000000000164 0.5385924564641047
459.80000000001644 0.5387080583147835
459.90000000001646 0.5388255158636691
460.0000000000165 0.5389466756588741
460.1000000000165 0.539099628445406
460.20000000001653 0.5392556760793278
460.30000000001655 0.5394160516813014
460.4000000000166 0.5395801421596628
460.5000000000166 0.5397491815180074
460.6000000000166 0.5399225567908043
460.70000000001664 0.540100886745718
460.80000000001667 0.5402841744099487
460.9000000000167 0.5404730391818278
461.0000000000167 0.5406681009642202
461.10000000001673 0.5408730428253413
461.20000000001676 0.5410841905407588
461.3000000000168 0.5413003142606866
461.4000000000168 0.5415214171298668
461.5000000000168 0.5417468851406226
461.60000000001685 0.541976721044604
461.70000000001687 0.5422103101789794
461.8000000000169 0.5424470373567937
461.9000000000169 0.5426869045435109
462.00000000001694 0.5429292958970171
462.10000000001696 0.5431509199076333
462.200000000017 0.5433744418714803
462.300000000017 0.5435992446081748
462.40000000001703 0.5438265651963079
462.50000000001705 0.5440545498995634
462.6000000000171 0.5442838174663001
462.7000000000171 0.5445143685237087
462.8000000000171 0.5447455850551517
462.90000000001714 0.5449774673742244
463.00000000001717 0.5452093969416245
463.1000000000172 0.545405121941482
463.2000000000172 0.5456008754032557
463.30000000001723 0.5457978954088759
463.40000000001726 0.545996801438148
463.5000000000173 0.5461975940552949
463.6000000000173 0.5464008930535793
463.7000000000173 0.5466066991852989
463.80000000001735 0.546816871266018
463.90000000001737 0.5470301717780296
464.0000000000174 0.5472484601011214
464.1000000000174 0.5474731570419406
464.20000000001744 0.5477022263506723
464.30000000001746 0.5479338103678846
464.4000000000175 0.548167290133762
464.5000000000175 0.5484026662332919
464.60000000001753 0.548637459772273
464.70000000001755 0.5488716705557092
464.8000000000176 0.5491040583890139
464.9000000000176 0.5493333825576122
465.0000000000176 0.5495590219567337
465.10000000001764 0.5497937103154473
465.20000000001767 0.5500234786287289
465.3000000000177 0.5502489453450208
465.4000000000177 0.5504694883329244
465.50000000001774 0.5506851056708972
465.60000000001776 0.550897036657752
465.7000000000178 0.551103417781606
465.8000000000178 0.5513054884213364
465.9000000000178 0.5515032468955937
466.00000000001785 0.5516966915230312
466.10000000001787 0.5519023106011718
466.2000000000179 0.5521036193181877
466.3000000000179 0.5523012368167818
466.40000000001794 0.5524939186538042
466.50000000001796 0.5526835267266932
466.600000000018 0.5528688164929809
466.700000000018 0.5530504074926436
466.80000000001803 0.5532282979379488
466.90000000001805 0.5534031078654654
467.0000000000181 0.5535742138618003
467.1000000000181 0.5537602229886731
467.2000000000181 0.553943774062822
467.30000000001814 0.5541242433677793
467.40000000001817 0.5543016291106972
467.5000000000182 0.5544771745411987
467.6000000000182 0.554650255942816
467.70000000001824 0.5548214946415527
467.80000000001826 0.5549902666818952
467.9000000000183 0.5551578166282215
468.0000000000183 0.5553235206445426
468.1000000000183 0.5554974668454797
468.20000000001835 0.5556701904948627
468.3000000000184 0.555842314321112
468.4000000000184 0.5560138379337967
468.5000000000184 0.5561847609424857
468.60000000001844 0.5563557068564619
468.70000000001846 0.5565272997055825
468.8000000000185 0.5566989157202776
468.9000000000185 0.5568718034808366
469.00000000001853 0.5570453393478386
469.10000000001855 0.5572485695701002
469.2000000000186 0.5574530797367854
469.3000000000186 0.5576588708198891
469.4000000000186 0.5578653187231215
469.50000000001864 0.5580724239324802
469.60000000001867 0.5582808123262463
469.7000000000187 0.5584892337678495
469.8000000000187 0.5586983139735717
469.90000000001874 0.5589074275511293
470.00000000001876 0.5591165745005193
470.1000000000188 0.5593097087171117
470.2000000000188 0.5595034989331652
470.3000000000188 0.5596973191083996
470.40000000001885 0.5598924224756519
470.5000000000189 0.5600881831386759
470.6000000000189 0.5602852284340633
470.7000000000189 0.560484186274543
470.80000000001894 0.5606850579564258
470.90000000001896 0.5608878447760225
471.000000000019 0.5610931755102677
471.100000000019 0.5612924624828382
471.20000000001903 0.5614942943297607
471.30000000001905 0.5616980447802815
471.4000000000191 0.5619043430626185
471.5000000000191 0.5621125626371575
471.6000000000191 0.5623227047137699
471.70000000001914 0.5625341420806905
471.80000000001917 0.5627468755445006
471.9000000000192 0.5629609059117813
472.0000000000192 0.5631756051641881
472.10000000001924 0.5634021806624071
472.20000000001926 0.5636294296557488
472.3000000000193 0.5638560940535335
472.4000000000193 0.5640815440022439
472.5000000000193 0.5643051490605963
472.60000000001935 0.5645262781995419
472.7000000000194 0.5647442998022656
472.8000000000194 0.5649585816641873
472.9000000000194 0.5651691211403607
473.00000000001944 0.5653740247028133
473.10000000001946 0.5655665853212705
473.2000000000195 0.565754131199966
473.3000000000195 0.5659360282788805
473.40000000001953 0.5661129036445551
473.50000000001955 0.5662841229580309
473.6000000000196 0.5664503135847887
473.7000000000196 0.5666121034481878
473.8000000000196 0.5667682267991708
473.90000000001965 0.5669199429711951
474.00000000001967 0.5670672490353919
474.1000000000197 0.5671688223328485
474.2000000000197 0.5672653458557072
474.30000000001974 0.5673580813000768
474.40000000001976 0.5674470269839913
474.5000000000198 0.5675321812254843
474.6000000000198 0.5676135423425899
474.7000000000198 0.5676911086533422
474.80000000001985 0.5677661433489306
474.9000000000199 0.5678373802480037
475.0000000000199 0.5679060829155155
475.1000000000199 0.5679413400727344
475.20000000001994 0.5679740627949977
475.30000000001996 0.568004250365741
475.40000000002 0.5680306363437649
475.50000000002 0.568054485498286
475.60000000002003 0.5680751641309949
475.70000000002005 0.5680926713461864
475.8000000000201 0.5681070062481554
475.9000000000201 0.5681181679411964
476.0000000000201 0.5681255223090015
476.10000000002015 0.5681127946691643
476.20000000002017 0.5680956275375699
476.3000000000202 0.5680733867127867
476.4000000000202 0.5680460712139834
476.50000000002024 0.5680130466353878
476.60000000002026 0.5679724114761413
476.7000000000203 0.5679254312783478
476.8000000000203 0.5678695706257928
476.9000000000203 0.5678054613904325
477.00000000002035 0.567731834719856
477.1000000000204 0.5676475595319344
477.2000000000204 0.5675543974534905
477.3000000000204 0.5674529805691156
477.40000000002044 0.5673458424849586
477.50000000002046 0.5672329821316197
477.6000000000205 0.5671156661735476
477.7000000000205 0.5669957954985815
477.80000000002053 0.5668740035775718
477.90000000002055 0.5667509240397982
478.0000000000206 0.5666284587236844
478.1000000000206 0.5665376605133462
478.2000000000206 0.5664493626087618
478.30000000002065 0.5663635658937749
478.40000000002067 0.5662815398921651
478.5000000000207 0.5662026515360764
478.6000000000207 0.5661288053321395
478.70000000002074 0.5660600030480414
478.80000000002076 0.5659968810660521
478.9000000000208 0.5659400760630559
479.0000000000208 0.5658902250105389
479.1000000000208 0.5657879841434681
479.20000000002085 0.5656927233941706
479.3000000000209 0.5656038082129137
479.4000000000209 0.5655186996511448
479.5000000000209 0.5654380326334081
479.60000000002094 0.5653605376995708
479.70000000002096 0.565285580144318
479.800000000021 0.5652118904155821
479.900000000021 0.5651381989047197
480.00000000002103 0.5650645056117309
480.10000000002105 0.5649895408572534
480.2000000000211 0.5649152091391154
480.3000000000211 0.5648421453323579
480.4000000000211 0.5647722540621036
480.50000000002115 0.5647061703024009
480.60000000002117 0.564646433680708
480.7000000000212 0.5645936792912958
480.8000000000212 0.5645491771459078
480.90000000002124 0.5645154671053757
481.00000000002126 0.5644925495303685
481.1000000000213 0.5644823295127562
481.2000000000213 0.564485442394327
481.3000000000213 0.5645018886206121
481.40000000002135 0.5645316686371435
481.5000000000214 0.5645747828894528
481.6000000000214 0.5646318667688317
481.7000000000214 0.5647022857891953
481.80000000002144 0.5647873103158835
481.90000000002146 0.5648863058698836
482.0000000000215 0.5649999078919906
482.1000000000215 0.5651274818890476
482.20000000002153 0.5652683933396104
482.30000000002156 0.5654213726986825
482.4000000000216 0.5655851503646929
482.5000000000216 0.5657578216700869
482.6000000000216 0.5659387518954061
482.70000000002165 0.5661260362458014
482.80000000002167 0.5663184048721837
482.9000000000217 0.5665145878688889
483.0000000000217 0.5667139503184438
483.10000000002174 0.5669145871714106
483.20000000002176 0.567116498470221
483.3000000000218 0.5673203193232892
483.4000000000218 0.5675260497942629
483.5000000000218 0.5677336899467892
483.60000000002185 0.5679432398445158
483.7000000000219 0.5681559697396312
483.8000000000219 0.5683706095355293
483.9000000000219 0.568588429512687
484.00000000002194 0.5688094297771824
484.10000000002196 0.5690336104350948
484.200000000022 0.5692603364628734
484.300000000022 0.5694915133554874
484.40000000002203 0.5697258709738997
484.50000000002206 0.5699646797258808
484.6000000000221 0.5702073046020236
484.7000000000221 0.5704543808946131
484.8000000000221 0.5707059087521592
484.90000000002215 0.570961888323173
485.00000000002217 0.5712229549423703
485.1000000000222 0.5714884735861999
485.2000000000222 0.5717584444031725
485.30000000002224 0.5720315971269546
485.40000000002226 0.572307296649132
485.5000000000223 0.5725836373898713
485.6000000000223 0.5728606193703881
485.7000000000223 0.573137607376189
485.80000000002235 0.5734126956789296
485.9000000000224 0.5736852489651101
486.0000000000224 0.5739546318929416
486.1000000000224 0.574220209092348
486.20000000002244 0.5744807098938975
486.30000000002246 0.5747380399622859
486.4000000000225 0.5749915639062214
486.5000000000225 0.5752406463061244
486.60000000002253 0.5754859223128416
486.70000000002256 0.5757280271055066
486.8000000000226 0.5759663252645398
486.9000000000226 0.5762014519832191
487.0000000000226 0.576432771827821
487.10000000002265 0.5766609200057671
487.20000000002267 0.5768852610691902
487.3000000000227 0.5771051595419352
487.4000000000227 0.5773199799195592
487.50000000002274 0.5775284513063279
487.60000000002276 0.5777312088601594
487.7000000000228 0.5779269816358157
487.8000000000228 0.5781151340157031
487.9000000000228 0.5782956657452321
488.00000000002285 0.578466670374722
488.1000000000229 0.5786287829913717
488.2000000000229 0.5787813678856527
488.3000000000229 0.5789250601589075
488.40000000002294 0.5790592240874639
488.50000000002296 0.5791844947868082
488.600000000023 0.5793008719599191
488.700000000023 0.5794077198619089
488.80000000002303 0.5795056736294795
488.90000000002306 0.57959473296561
489.0000000000231 0.5796748975732792
489.1000000000231 0.5797461671554663
489.2000000000231 0.5798091768983774
489.30000000002315 0.5798645620165055
489.40000000002317 0.5799116867578908
489.5000000000232 0.5799518218556133
489.6000000000232 0.5799849670762994
489.70000000002324 0.5800117577051619
489.80000000002326 0.580032193530043
489.9000000000233 0.5800475454042456
490.0000000000233 0.580057177618241
490.10000000002333 0.5800623610748359
490.20000000002335 0.5800630956255195
490.3000000000234 0.5800600166827997
490.4000000000234 0.5800543952555618
490.5000000000234 0.5800462312589427
490.60000000002344 0.5800367957725469
490.70000000002346 0.5800260887539431
490.8000000000235 0.5800147457570776
490.9000000000235 0.580004037967634
491.00000000002353 0.5799946010173493
491.10000000002356 0.5799864349486553
491.2000000000236 0.5799795398039838
491.3000000000236 0.5799732799940284
491.4000000000236 0.5799682911788143
491.50000000002365 0.5799633021090109
491.60000000002367 0.5799583127846181
491.7000000000237 0.5799533232056354
491.8000000000237 0.5799470620378692
491.90000000002374 0.5799401649130567
492.00000000002376 0.5799319961287597
492.1000000000238 0.5800010492919573
492.2000000000238 0.5800688260645398
492.30000000002383 0.5801359618484073
492.40000000002385 0.5802037284716096
492.5000000000239 0.5802727623602962
492.6000000000239 0.5803430640731488
492.7000000000239 0.5804159068349208
492.80000000002394 0.5804912917629755
492.90000000002397 0.5805704930132021
493.000000000024 0.5806541488740184
493.100000000024 0.5807289701587092
493.20000000002403 0.5808088863844967
493.30000000002406 0.5808938994363807
493.4000000000241 0.580983374272817
493.5000000000241 0.5810779495482652
493.6000000000241 0.5811776271477246
493.70000000002415 0.5812817717940265
493.80000000002417 0.5813916596179646
493.9000000000242 0.5815060181016607
494.0000000000242 0.5816254862922765
494.10000000002424 0.5817272736160995
494.20000000002426 0.5818335323663326
494.3000000000243 0.5819442636678589
494.4000000000243 0.5820594686455615
494.50000000002433 0.5821778730930792
494.60000000002435 0.5823001155330879
494.7000000000244 0.5824249213842655
494.8000000000244 0.5825529291157221
494.9000000000244 0.5826835016510601
495.00000000002444 0.5828160016996143
495.10000000002447 0.5829369995452776
495.2000000000245 0.5830599218410536
495.3000000000245 0.5831847689367522
495.40000000002453 0.5833121792711057
495.50000000002456 0.5834421533105264
495.6000000000246 0.5835740533547692
495.7000000000246 0.5837085179591697
495.8000000000246 0.5838455475901404
495.90000000002465 0.5839857809973554
496.00000000002467 0.5841285804417065
496.1000000000247 0.5842941829189746
496.2000000000247 0.584462360023915
496.30000000002474 0.5846318354739504
496.40000000002476 0.5848032481940105
496.5000000000248 0.584975321479557
496.6000000000248 0.58514805551143
496.70000000002483 0.5853201729822904
496.80000000002485 0.5854916737112974
496.9000000000249 0.585661918652961
497.0000000000249 0.585830268520674
497.1000000000249 0.5860123738278971
497.20000000002494 0.5861919498139944
497.30000000002497 0.5863689955424475
497.400000000025 0.586542231602533
497.500000000025 0.5867122959046195
497.60000000002503 0.5868791872780589
497.70000000002506 0.5870422650809715
497.8000000000251 0.5872008883593042
497.9000000000251 0.5873556951014687
498.0000000000251 0.5875054044919655
498.10000000002515 0.5876561234576658
498.20000000002517 0.5878017427559078
498.3000000000252 0.5879416204134005
498.4000000000252 0.5880751141208634
498.50000000002524 0.588202861483724
498.60000000002526 0.5883229396060145
498.7000000000253 0.5884359857571726
498.8000000000253 0.5885407164106032
498.90000000002533 0.5886371282904088
499.00000000002535 0.5887252181206892
499.1000000000254 0.5887946443889548
499.2000000000254 0.5888557419367042
499.3000000000254 0.5889072263368215
499.40000000002544 0.5889497350947704
499.50000000002547 0.5889832650965363
499.6000000000255 0.5890084542182988
499.7000000000255 0.5890246585041341
499.80000000002553 0.5890318748400278
499.90000000002556 0.5890313825372137
500.0000000000256 0.5890218963529933
500.1000000000256 0.5889766382641658
500.2000000000256 0.5889243131768196
500.30000000002565 0.5888636367901138
500.40000000002567 0.5887965317685242
500.5000000000257 0.5887229967833538
500.6000000000257 0.5886430305059062
500.70000000002574 0.5885579148010782
500.80000000002576 0.5884676486059127
500.9000000000258 0.5883728725428288
501.0000000000258 0.5882735856817333
501.10000000002583 0.588149059430013
501.20000000002585 0.5880206731527396
501.3000000000259 0.5878877846798148
501.4000000000259 0.5877497517572483
501.5000000000259 0.5876065738816891
501.60000000002594 0.5874576086942829
501.70000000002597 0.5873028556287594
501.800000000026 0.5871410303239495
501.900000000026 0.5869727740061688
502.00000000002603 0.5867968021674238
502.10000000002606 0.5865624381994267
502.2000000000261 0.5863210354507427
502.3000000000261 0.5860725950593516
502.4000000000261 0.5858177599646911
502.50000000002615 0.585556531201288
502.60000000002617 0.5852895515361595
502.7000000000262 0.5850174635983857
502.8000000000262 0.5847402682155879
502.90000000002624 0.5844579662153873
503.00000000002626 0.5841718416145102
503.1000000000263 0.5838705024796574
503.2000000000263 0.5835659937258005
503.30000000002633 0.5832595989650673
503.40000000002635 0.5829513186204773
503.5000000000264 0.582642435834137
503.6000000000264 0.5823335920595941
503.7000000000264 0.5820254285623874
503.80000000002644 0.5817192276385845
503.90000000002647 0.5814156300367003
504.0000000000265 0.5811152763172388
504.1000000000265 0.5808079295125546
504.20000000002653 0.5805051164878269
504.30000000002656 0.5802068360038883
504.4000000000266 0.5799130868215706
504.5000000000266 0.5796251493606901
504.6000000000266 0.5793423812575471
504.70000000002665 0.5790660625189016
504.80000000002667 0.5787955507220454
504.9000000000267 0.5785314848672225
505.0000000000267 0.578274503718644
505.10000000002674 0.578018669939859
505.20000000002676 0.5777699208661738
505.3000000000268 0.5775288946709931
505.4000000000268 0.5772962292653824
505.50000000002683 0.5770712818850109
505.60000000002685 0.5768553304507196
505.7000000000269 0.576648372207952
505.8000000000269 0.5764497643923779
505.9000000000269 0.5762614242787661
506.00000000002694 0.5760827088404507
506.10000000002697 0.5759269886963361
506.200000000027 0.5757821622139699
506.300000000027 0.5756469473534146
506.40000000002703 0.57552198150764
506.50000000002706 0.5754066226167687
506.6000000000271 0.5753021475465584
506.7000000000271 0.575207914186404
506.8000000000271 0.5751239201013972
506.90000000002715 0.57505016285663
507.00000000002717 0.574986640017202
507.1000000000272 0.5749645368472511
507.2000000000272 0.574952663490258
507.30000000002724 0.5749503798527823
507.40000000002726 0.5749570459055715
507.5000000000273 0.5749726609746584
507.6000000000273 0.5749959458359722
507.70000000002733 0.5750268999118275
507.80000000002735 0.5750655226245383
507.9000000000274 0.5751105349425956
508.0000000000274 0.5751619363846067
508.1000000000274 0.5752631790184923
508.20000000002744 0.5753701824163474
508.30000000002747 0.5754835867561902
508.4000000000275 0.5756033930051746
508.5000000000275 0.5757302415025113
508.60000000002753 0.5758641333120695
508.70000000002756 0.576005069497719
508.8000000000276 0.576154330060873
508.9000000000276 0.5763106372568101
509.0000000000276 0.5764752712159111
509.10000000002765 0.5766961202607
509.20000000002767 0.5769246841605794
509.3000000000277 0.577161605777464
509.4000000000277 0.5774062485653693
509.50000000002774 0.577659255556911
509.60000000002776 0.5779199900354034
509.7000000000278 0.5781878149427593
509.8000000000278 0.5784640135276469
509.90000000002783 0.5787473085159265
510.00000000002785 0.5790377027241643
510.1000000000279 0.5793471689450417
510.2000000000279 0.5796637494145453
510.3000000000279 0.5799868067034282
510.40000000002794 0.5803144214259345
510.50000000002797 0.580647877411661
510.600000000028 0.5809852543875996
510.700000000028 0.5813265541282543
510.80000000002804 0.5816704960572849
510.90000000002806 0.5820177226316999
511.0000000000281 0.5823663112124701
511.1000000000281 0.5826640790725792
511.2000000000281 0.5829625217921318
511.30000000002815 0.5832603565025326
511.4000000000282 0.5835563000060785
511.5000000000282 0.5838497103542382
511.6000000000282 0.5841393038145059
511.70000000002824 0.5844244379858264
511.80000000002826 0.5847044703025889
511.9000000000283 0.5849774745489549
512.0000000000283 0.5852428075833543
512.1000000000283 0.5854335197745585
512.2000000000284 0.5856165097374448
512.3000000000284 0.5857924202970196
512.4000000000284 0.5859618941521035
512.5000000000284 0.5861255738753316
512.6000000000284 0.5862834603184567
512.7000000000285 0.5864374790226838
512.8000000000285 0.5865876305558484
512.9000000000285 0.5867345569858432
513.0000000000285 0.5868795417228745
513.1000000000286 0.586975118322944
513.2000000000286 0.5870680850068708
513.3000000000286 0.5871584427756111
513.4000000000286 0.5872449103604018
513.5000000000286 0.5873268482112318
513.6000000000287 0.5874048990478081
513.7000000000287 0.5874765008330838
513.8000000000287 0.5875429376718655
513.9000000000287 0.5876022894126827
514.0000000000288 0.5876539181737858
514.1000000000288 0.5877010249422877
514.2000000000288 0.5877404159637415
514.3000000000288 0.5877714537209372
514.4000000000289 0.5877941413310459
514.5000000000289 0.5878084819112394
514.6000000000289 0.5878144785786886
514.7000000000289 0.5878121344505649
514.800000000029 0.5878008126490784
514.900000000029 0.5877811564462163
515.000000000029 0.5877525291240688
515.100000000029 0.5878008234675071
515.200000000029 0.5878408011213347
515.3000000000291 0.5878724615564315
515.4000000000291 0.5878951643543018
515.5000000000291 0.5879108286539514
515.6000000000291 0.5879181741746441
515.7000000000291 0.5879184802474134
515.8000000000292 0.5879117464245424
515.9000000000292 0.5878979722583135
516.0000000000292 0.587877157301024
516.1000000000292 0.5878979477451485
516.2000000000293 0.5879129691042073
516.3000000000293 0.5879215794324808
516.4000000000293 0.5879250572232351
516.5000000000293 0.5879227605965819
516.6000000000294 0.587915968506607
516.7000000000294 0.5879033987076552
516.8000000000294 0.5878869709145677
516.9000000000294 0.5878660433791186
517.0000000000294 0.5878412553479364
517.1000000000295 0.5877955070436528
517.2000000000295 0.5877465420018819
517.3000000000295 0.58769371874403
517.4000000000295 0.5876383180563366
517.5000000000296 0.5875796985074021
517.6000000000296 0.5875178593893091
517.7000000000296 0.5874540819130478
517.8000000000296 0.5873877246472187
517.9000000000296 0.5873194280793307
518.0000000000297 0.5872485506835885
518.1000000000297 0.5871530815841979
518.2000000000297 0.587055040072637
518.3000000000297 0.5869563493867358
518.4000000000298 0.5868557270850494
518.5000000000298 0.5867538141815714
518.6000000000298 0.5866512517773395
518.7000000000298 0.5865467573003427
518.8000000000299 0.586441613104983
518.9000000000299 0.5863358191259777
519.0000000000299 0.5862293752980425
519.1000000000299 0.5861175759538015
519.20000000003 0.586005770031205
519.30000000003 0.5858939575302533
519.40000000003 0.5857834212211364
519.50000000003 0.5856735198018199
519.60000000003 0.5855661775770963
519.7000000000301 0.5854607533113791
519.8000000000301 0.5853578886057194
519.9000000000301 0.5852582251276165
520.0000000000301 0.5851624046110221
520.1000000000301 0.5850854148974064
520.2000000000302 0.5850122634518639
520.3000000000302 0.5849423092853042
520.4000000000302 0.5848749112764571
520.5000000000302 0.5848100698218632
520.6000000000303 0.584746501951989
520.7000000000303 0.5846842078651049
520.8000000000303 0.5846231877594811
520.9000000000303 0.5845621582690426
521.0000000000304 0.5845011193938024
521.1000000000304 0.5844840497699175
521.2000000000304 0.584466956680125
521.3000000000304 0.584449198063061
521.4000000000304 0.584432057959405
521.5000000000305 0.584415536615303
521.6000000000305 0.5843996342769009
521.7000000000305 0.5843843511903449
521.8000000000305 0.5843709725449953
521.9000000000306 0.584358856525634
522.0000000000306 0.5843486462602582
522.1000000000306 0.5843434919753241
522.2000000000306 0.5843402443960468
522.3000000000306 0.5843389042856789
522.4000000000307 0.5843407583573287
522.5000000000307 0.5843451648233499
522.6000000000307 0.5843527678459518
522.7000000000307 0.5843629254678765
522.8000000000308 0.5843756387067943
522.9000000000308 0.584392195378289
523.0000000000308 0.5844119535251013
523.1000000000308 0.584430664388842
523.2000000000309 0.5844525800115244
523.3000000000309 0.5844770578708952
523.4000000000309 0.5845034551241979
523.5000000000309 0.5845324163769555
523.600000000031 0.5845620106971255
523.700000000031 0.5845935264143712
523.800000000031 0.5846250318755174
523.900000000031 0.584657171285459
524.000000000031 0.5846886563145314
524.1000000000311 0.5847180716910456
524.2000000000311 0.5847468326612193
524.3000000000311 0.584776228028662
524.4000000000311 0.5848056134304976
524.5000000000312 0.5848356335410281
524.6000000000312 0.5848669333459807
524.7000000000312 0.5848995133124935
524.8000000000312 0.5849333739077044
524.9000000000312 0.584969805570206
525.0000000000313 0.5850081641706962
525.1000000000313 0.5850674328868114
525.2000000000313 0.5851286283590446
525.3000000000313 0.5851917514700895
525.4000000000314 0.5852561576467483
525.5000000000314 0.5853205563695453
525.6000000000314 0.5853862389425725
525.7000000000314 0.585450622953799
525.8000000000314 0.5855149995111629
525.9000000000315 0.5855780767221084
526.0000000000315 0.5856392079538151
526.1000000000315 0.5856901301351178
526.2000000000315 0.5857384592427711
526.3000000000316 0.5857841942092273
526.4000000000316 0.5858266875667346
526.5000000000316 0.5858652914916925
526.6000000000316 0.5859000043827796
526.7000000000317 0.5859308246386742
526.8000000000317 0.5859564571459489
526.9000000000317 0.5859775466145242
527.0000000000317 0.5859927973082336
527.1000000000317 0.5859941375918422
527.2000000000318 0.5859896367457832
527.3000000000318 0.5859805869719055
527.4000000000318 0.5859669866041026
527.5000000000318 0.5859488339762678
527.6000000000319 0.585926127422295
527.7000000000319 0.5859008077441171
527.8000000000319 0.5858715788523032
527.9000000000319 0.5858390869667861
528.000000000032 0.5858046263522179
528.100000000032 0.5857834893274624
528.200000000032 0.5857610238790117
528.300000000032 0.5857372294250603
528.400000000032 0.5857127534990356
528.5000000000321 0.585687595810035
528.6000000000321 0.5856630526854908
528.7000000000321 0.5856397728224403
528.8000000000321 0.5856171082995869
528.9000000000322 0.5855970052080434
529.0000000000322 0.5855788160143834
529.1000000000322 0.5855647943416895
529.2000000000322 0.5855526879517565
529.3000000000322 0.5855411997467427
529.4000000000323 0.5855283827468333
529.5000000000323 0.5855142363595587
529.6000000000323 0.5854961628344272
529.7000000000323 0.5854735110057826
529.8000000000324 0.5854449798259949
529.9000000000324 0.5854092674574765
530.0000000000324 0.5853657209571573
530.1000000000324 0.5852853845007053
530.2000000000324 0.5851972200598544
530.3000000000325 0.5851005752681885
530.4000000000325 0.58499739732244
530.5000000000325 0.5848889842162291
530.6000000000325 0.5847753342991366
530.7000000000326 0.5846583964183143
530.8000000000326 0.5845388197768745
530.9000000000326 0.5844166035496084
531.0000000000326 0.584294348399934
531.1000000000327 0.584139514489433
531.2000000000327 0.5839846621633822
531.3000000000327 0.5838297914217814
531.4000000000327 0.5836762032692407
531.5000000000327 0.5835225968312955
531.6000000000328 0.5833696226753232
531.7000000000328 0.5832172808989329
531.8000000000328 0.5830655715997329
531.9000000000328 0.5829144948753334
532.0000000000329 0.582764701520867
532.1000000000329 0.5826215763611081
532.2000000000329 0.5824797312295593
532.3000000000329 0.5823378647311757
532.400000000033 0.5821972785752205
532.500000000033 0.5820566712095394
532.600000000033 0.581916693567319
532.700000000033 0.5817773457663905
532.800000000033 0.5816379769128447
532.9000000000331 0.581497935955664
533.0000000000331 0.5813585249576214
533.1000000000331 0.5812618967130573
533.2000000000331 0.5811645698802678
533.3000000000332 0.5810652414870293
533.4000000000332 0.580963259299578
533.5000000000332 0.580857970732313
533.6000000000332 0.5807487228477968
533.7000000000332 0.5806342106507459
533.8000000000333 0.5805137802361728
533.9000000000333 0.5803874292291809
534.0000000000333 0.5802531993452328
534.1000000000333 0.580169572820039
534.2000000000334 0.5800793196221473
534.3000000000334 0.579982435140617
534.4000000000334 0.579879567349187
534.5000000000334 0.5797726703131412
534.6000000000334 0.5796623941579897
534.7000000000335 0.5795493896240357
534.8000000000335 0.5794343080663734
534.9000000000335 0.5793184548080598
535.0000000000335 0.5792031364017423
535.1000000000336 0.5791118573213401
535.2000000000336 0.579021093692562
535.3000000000336 0.578930192008541
535.4000000000336 0.5788384980414952
535.5000000000337 0.5787460112507375
535.6000000000337 0.5786514219191028
535.7000000000337 0.5785547284245312
535.8000000000337 0.5784546192475692
535.9000000000337 0.5783517468137115
536.0000000000338 0.5782447983418856
536.1000000000338 0.5780821723330367
536.2000000000338 0.5779148562855656
536.3000000000338 0.5777428476276082
536.4000000000339 0.5775648321892347
536.5000000000339 0.5773814625852668
536.6000000000339 0.5771927358764313
536.7000000000339 0.5769973367905705
536.800000000034 0.5767952616535937
536.900000000034 0.5765865067914108
537.000000000034 0.5763710685299199
537.100000000034 0.5761162108467961
537.200000000034 0.5758533862681923
537.3000000000341 0.5755825917012795
537.4000000000341 0.5753044809307285
537.5000000000341 0.5750170802312133
537.6000000000341 0.574721043043757
537.7000000000342 0.574416366017795
537.8000000000342 0.5741017313604695
537.9000000000342 0.5737777925128039
538.0000000000342 0.5734438884735282
538.1000000000342 0.5731020049373099
538.2000000000343 0.5727488303623257
538.3000000000343 0.5723843602506608
538.4000000000343 0.5720085901044021
538.5000000000343 0.5716195419238076
538.6000000000344 0.5712185262614874
538.7000000000344 0.5708035643239506
538.8000000000344 0.5703753086534751
538.9000000000344 0.5699317793982386
539.0000000000344 0.5694736287477451
539.1000000000345 0.5690099128157077
539.2000000000345 0.5685295689717924
539.3000000000345 0.5680339069043785
539.4000000000345 0.5675209437339799
539.5000000000346 0.5669906717041755
539.6000000000346 0.5664430830585452
539.7000000000346 0.5658781700406683
539.8000000000346 0.5652946067532344
539.9000000000347 0.5646923848431767
540.0000000000347 0.5640708366880995
540.1000000000347 0.5634308092599272
540.2000000000347 0.5627681386699133
540.3000000000347 0.5620808359609453
540.4000000000348 0.5613662512995042
540.5000000000348 0.5606210734734467
540.6000000000348 0.559843309005744
540.7000000000348 0.559029643269205
540.8000000000349 0.5581774197006538
540.9000000000349 0.5572839801298363
541.0000000000349 0.55634666477941
541.1000000000349 0.5553536587629506
541.200000000035 0.5543134707820535
541.300000000035 0.5532247606759426
541.400000000035 0.5520855269353937
541.500000000035 0.5508957491411126
541.600000000035 0.5496534244404979
541.7000000000351 0.5483585316082321
541.8000000000351 0.5470090664483371
541.9000000000351 0.5456036847699189
542.0000000000351 0.5441423640042721
542.1000000000352 0.5425896565492957
542.2000000000352 0.5409791837242331
542.3000000000352 0.539308948843548
542.4000000000352 0.5375789387297181
542.5000000000352 0.5357878173784869
542.6000000000353 0.5339349098573243
542.7000000000353 0.5320188795275018
542.8000000000353 0.5300390509196256
542.9000000000353 0.5279947483690853
543.0000000000354 0.5258852960160386
543.1000000000354 0.5237008167648308
543.2000000000354 0.5214479244902869
543.3000000000354 0.5191252839025113
543.4000000000354 0.5167308975980301
543.5000000000355 0.5142634295646401
543.6000000000355 0.5117208816005208
543.7000000000355 0.5091012550476578
543.8000000000355 0.5064038747148835
543.9000000000356 0.5036254172608201
544.0000000000356 0.5007652067339783
544.1000000000356 0.4978269357044232
544.2000000000356 0.4948048270803913
544.3000000000357 0.49169753928122184
544.4000000000357 0.48850439258147077
544.5000000000357 0.4852253693388253
544.6000000000357 0.4818604519109761
544.7000000000357 0.4784076355856148
544.8000000000358 0.4748675647123953
544.9000000000358 0.4712388964798101
545.0000000000358 0.4675216126985075
545.1000000000358 0.4637421343055499
545.2000000000359 0.45987554425395144
545.3000000000359 0.45592578649340654
545.4000000000359 0.4518948184936896
545.5000000000359 0.4477865874556355
545.600000000036 0.44360371659357745
545.700000000036 0.43934949353261604
545.800000000036 0.4350265444047692
545.900000000036 0.43063815991956234
546.000000000036 0.42618763245376096
546.1000000000361 0.4216883816687342
546.2000000000361 0.41713267765198325
546.3000000000361 0.4125244771880847
546.4000000000361 0.40786707574130726
546.5000000000362 0.4031624431251623
546.6000000000362 0.39841587000257134
546.7000000000362 0.39362933010017626
546.8000000000362 0.3888067907378915
546.9000000000362 0.38395155741364245
547.0000000000363 0.37906693763207416
547.1000000000363 0.3741702355690342
547.2000000000363 0.36924840111024965
547.3000000000363 0.3643054093468394
547.4000000000364 0.35934191421859585
547.5000000000364 0.354360565035133
547.6000000000364 0.34936401310908544
547.7000000000364 0.34435358134262567
547.8000000000364 0.3393319243032818
547.9000000000365 0.33430103310449916
548.0000000000365 0.3292635659442728
548.1000000000365 0.32422762190350946
548.2000000000365 0.31919023188103446
548.3000000000366 0.31415605825831594
548.4000000000366 0.30912776887349064
548.5000000000366 0.30411136512282677
548.6000000000366 0.29910885490877454
548.7000000000367 0.294124247425545
548.8000000000367 0.28916288854085764
548.9000000000367 0.2842274612423427
549.0000000000367 0.2793226515997649
549.1000000000367 0.27444283366356675
549.2000000000368 0.26960000041344084
549.3000000000368 0.2647981758577005
549.4000000000368 0.26004005193987517
549.5000000000368 0.25532832245773895
549.6000000000369 0.2506656830633328
549.7000000000369 0.24605616680449852
549.8000000000369 0.24150180585048028
549.9000000000369 0.2370059697663395
550.000000000037 0.23257203043494462
550.100000000037 0.22819407649156817
550.200000000037 0.2238810621028487
550.300000000037 0.21963234637894594
550.400000000037 0.21544795654847793
550.5000000000371 0.21132725125853302
550.6000000000371 0.2072709261340064
550.7000000000371 0.20327833963676262
550.8000000000371 0.1993495187175624
550.9000000000372 0.19548382137520764
551.0000000000372 0.19168127428261483
551.1000000000372 0.18793765651338548
551.2000000000372 0.18425674045996676
551.3000000000372 0.18063921748446887
551.4000000000373 0.17708444054987457
551.5000000000373 0.17359243174123276
551.6000000000373 0.17016321314359648
551.7000000000373 0.16679680684201884
551.8000000000374 0.16349323492154896
551.9000000000374 0.16025184972523748
552.0000000000374 0.15707267310565995
552.1000000000374 0.15395682438501077
552.2000000000374 0.15090251416275988
552.3000000000375 0.14790909532502738
552.4000000000375 0.1449745801317402
552.5000000000375 0.14209832031728414
552.6000000000375 0.13927966728698135
552.7000000000376 0.13651797211708677
552.8000000000376 0.13381191507714987
552.9000000000376 0.13116017577859548
553.0000000000376 0.1285621038168748
553.1000000000377 0.12601902425683448
553.2000000000377 0.1235275607697023
553.3000000000377 0.12108706414616209
553.4000000000377 0.11869688480577437
553.5000000000377 0.11635637279695958
553.6000000000378 0.11406487779700906
553.7000000000378 0.11182107782043331
553.8000000000378 0.10962432152390926
553.9000000000378 0.10747395719298954
554.0000000000379 0.10536933274208704
554.1000000000379 0.10330825594072614
554.2000000000379 0.10129164766165617
554.3000000000379 0.09931750992555162
554.400000000038 0.09738451562598129
554.500000000038 0.09549335297647264
554.600000000038 0.09364135007495383
554.700000000038 0.091827850165042
554.800000000038 0.0900521961417965
554.9000000000381 0.08831373055172671
555.0000000000381 0.08661045071000512
555.1000000000381 0.08493895678914173
555.2000000000381 0.08330146331509629
555.3000000000382 0.08169865210659946
555.4000000000382 0.08012918717733689
555.5000000000382 0.07859375028592827
555.6000000000382 0.07709167782733116
555.7000000000382 0.07562230595605858
555.8000000000383 0.07418564350845393
555.9000000000383 0.07278169932086528
556.0000000000383 0.071409809187136
556.1000000000383 0.07006767741657195
556.2000000000384 0.06875700496778514
556.3000000000384 0.06747510540367528
556.4000000000384 0.06622198445714228
556.5000000000384 0.06499562806696846
556.6000000000384 0.06379469494779087
556.7000000000385 0.06261919016589024
556.8000000000385 0.06146642519543599
556.9000000000385 0.06033573112695064
557.0000000000385 0.05922643887318814
557.1000000000386 0.058136876933154016
557.2000000000386 0.057067365186447776
557.3000000000386 0.05601656072787297
557.4000000000386 0.054985141306709756
557.5000000000387 0.05397243740779898
557.6000000000387 0.052977779322239245
557.7000000000387 0.05200184479930803
557.8000000000387 0.05104329015883299
557.9000000000387 0.05010279310165805
558.0000000000388 0.04917968357982908
558.1000000000388 0.04827568091444065
558.2000000000388 0.04738833584453267
558.3000000000388 0.04651765379928489
558.4000000000389 0.04566364020787966
558.5000000000389 0.04482562616628172
558.6000000000389 0.04400429129210827
558.7000000000389 0.04319829205855324
558.800000000039 0.04240763346046221
558.900000000039 0.04163299511545422
559.000000000039 0.040873032845221445
559.100000000039 0.040129936515006175
559.200000000039 0.039400795806546006
559.3000000000391 0.038686291868837284
559.4000000000391 0.03798508098311396
559.5000000000391 0.037296493832412694
559.6000000000391 0.036621886554246946
559.7000000000392 0.035958563790464165
559.8000000000392 0.0353078814830068
559.9000000000392 0.03466849405518611
560.0000000000392 0.034040406494057075
560.1000000000392 0.03342309772916239
560.2000000000393 0.03281641726201152
560.3000000000393 0.03221901798069692
560.4000000000393 0.03163225627187025
560.5000000000393 0.031054784620373404
560.6000000000394 0.03048593098243962
560.7000000000394 0.029927052047156226
560.8000000000394 0.029376122912539472
560.9000000000394 0.028833147207838295
561.0000000000394 0.028298805243437593
561.1000000000395 0.027770865699066755
561.2000000000395 0.027251600529878336
561.3000000000395 0.026739658991358106
561.4000000000395 0.026235720699715012
561.5000000000396 0.025739788510691336
561.6000000000396 0.02525254243712551
561.7000000000396 0.02477330833631642
561.8000000000396 0.02430208906400667
561.9000000000397 0.023840242266088687
562.0000000000397 0.023386416325460062
562.1000000000397 0.02294077953733415
562.2000000000397 0.02250386671156894
562.3000000000397 0.022075002685009053
562.4000000000398 0.02165418976890137
562.5000000000398 0.021241430274491067
562.6000000000398 0.02083604865341559
562.7000000000398 0.02043804702431703
562.8000000000399 0.0200474275058365
562.9000000000399 0.019662836112192928
563.0000000000399 0.019285630809647028
563.1000000000399 0.018914744165358068
563.20000000004 0.01855055824153583
563.30000000004 0.018191718592990166
563.40000000004 0.017838905421712126
563.50000000004 0.01749212073879281
563.60000000004 0.01715068799200114
563.7000000000401 0.016814608968974246
563.8000000000401 0.016483885457348902
563.9000000000401 0.016158519244762724
564.0000000000401 0.015837833257590295
564.1000000000402 0.015522361841323327
564.2000000000402 0.015212231349175034
564.3000000000402 0.01490608581882513
564.4000000000402 0.014605964767734228
564.5000000000402 0.014310512135792647
564.6000000000403 0.014021088872565262
564.7000000000403 0.013736338526786301
564.8000000000403 0.013457622439177041
564.9000000000403 0.013184263508680004
565.0000000000404 0.012916943921387106
565.1000000000404 0.012655882977017712
565.2000000000404 0.01240017779844593
565.3000000000404 0.012150511179416628
565.4000000000404 0.011906205797651488
565.5000000000405 0.01166726427945417
565.6000000000405 0.011433689251128337
565.7000000000405 0.011204802733819397
565.8000000000405 0.010981287740130633
565.9000000000406 0.010761785248332115
566.0000000000406 0.010547659095044556
566.1000000000406 0.0103375043789323
566.2000000000406 0.010132051484106364
