# Wavelength(nm)  Throughput(0-1)
541.4 0.01054038334922137
541.5 0.011104747008286358
541.6 0.011693052474413651
541.7 0.01230464851923779
541.8000000000001 0.012940866526820815
541.9000000000001 0.013601716438132376
542.0000000000001 0.01428786936348089
542.1000000000001 0.01499907233832414
542.2000000000002 0.015736830825618022
542.3000000000002 0.016501811997794914
542.4000000000002 0.017294021857947962
542.5000000000002 0.01811412782253778
542.6000000000003 0.018962797503246687
542.7000000000003 0.019840698706979625
542.8000000000003 0.02074849943586519
542.9000000000003 0.021686206278663998
543.0000000000003 0.022655149138925915
543.1000000000004 0.0236549491865685
543.2000000000004 0.024685965438131122
543.3000000000004 0.02574820325390065
543.4000000000004 0.026842329803618156
543.5000000000005 0.027968350561619077
543.6000000000005 0.02912693288772799
543.7000000000005 0.03031675852331467
543.8000000000005 0.031539156751711664
543.9000000000005 0.032794133161299026
544.0000000000006 0.03408169334046101
544.1000000000006 0.03540224771463939
544.2000000000006 0.03675542792545753
544.3000000000006 0.038140578499942
544.4000000000007 0.039559030442478944
544.5000000000007 0.04100946606019023
544.6000000000007 0.04249255422873532
544.7000000000007 0.044007639292789676
544.8000000000008 0.045555390219189265
544.9000000000008 0.047134488813589885
545.0000000000008 0.04874626649066888
545.1000000000008 0.050392940443312564
545.2000000000008 0.052071834894746996
545.3000000000009 0.053782299105666447
545.4000000000009 0.0555256704839462
545.5000000000009 0.05730129837364309
545.6000000000009 0.0591091947789659
545.700000000001 0.06094937170412346
545.800000000001 0.06282184115332672
545.900000000001 0.06472727837447205
546.000000000001 0.06666436896774926
546.100000000001 0.06863554415933937
546.2000000000011 0.07063916187157111
546.3000000000011 0.07267258204065466
546.4000000000011 0.07473648163941143
546.5000000000011 0.07682888272706725
546.6000000000012 0.07894913401695448
546.7000000000012 0.08109658382105925
546.8000000000012 0.08326991592027708
546.9000000000012 0.08546847752288704
547.0000000000013 0.0876916154358294
547.1000000000013 0.08994137560909016
547.2000000000013 0.09221590220769701
547.3000000000013 0.09451587345798887
547.4000000000013 0.09684263291822419
547.5000000000014 0.09919686019181466
547.6000000000014 0.10157990046447357
547.7000000000014 0.10399243471668275
547.8000000000014 0.10643580976160803
547.9000000000015 0.10891070795679846
548.0000000000015 0.11141847774286946
548.1000000000015 0.1139619485404632
548.2000000000015 0.11653975506161764
548.3000000000015 0.11915125196926432
548.4000000000016 0.12179712564182522
548.5000000000016 0.12447739673770415
548.6000000000016 0.1271914195066617
548.7000000000016 0.12994054728665683
548.8000000000017 0.13272346778109018
548.9000000000017 0.13554153487880508
549.0000000000017 0.13839410269184246
549.1000000000017 0.141276568325269
549.2000000000018 0.14419138513903854
549.3000000000018 0.1471365675522153
549.4000000000018 0.15011079601625404
549.5000000000018 0.15311074743852607
549.6000000000018 0.1561350993732098
549.7000000000019 0.1591811929058126
549.8000000000019 0.16224770304090733
549.9000000000019 0.16533196785082016
550.0000000000019 0.1684326597905149
550.100000000002 0.17154113831659037
550.200000000002 0.17466450642037923
550.300000000002 0.17780276993658675
550.400000000002 0.18095593469990784
550.500000000002 0.18412601228959516
550.6000000000021 0.1873130093738794
550.7000000000021 0.19051760138773574
550.8000000000021 0.19374113299595883
550.9000000000021 0.1969829427483279
551.0000000000022 0.20024504500252516
551.1000000000022 0.20352284797407222
551.2000000000022 0.20682081156963353
551.3000000000022 0.21013961180802748
551.4000000000023 0.21347925566347395
551.5000000000023 0.21683975011020384
551.6000000000023 0.2202224411415162
551.7000000000023 0.22362599702253236
551.8000000000023 0.22705109439200205
551.9000000000024 0.23049841019862918
552.0000000000024 0.23396795188159344
552.1000000000024 0.23746074970413092
552.2000000000024 0.24097315788246623
552.3000000000025 0.24450183299550218
552.4000000000025 0.2480434299767944
552.5000000000025 0.2515952723454104
552.6000000000025 0.2551540119910438
552.7000000000025 0.258716299158053
552.8000000000026 0.2622801234007362
552.9000000000026 0.26584146160647154
553.0000000000026 0.26939695933041635
553.1000000000026 0.2729488813802023
553.2000000000027 0.276491713379022
553.3000000000027 0.28002478023113014
553.4000000000027 0.2835474064696374
553.5000000000027 0.2870589162565348
553.6000000000028 0.29055863338267773
553.7000000000028 0.29404520997614036
553.8000000000028 0.29751864019160223
553.9000000000028 0.3009782467065158
554.0000000000028 0.304422680257215
554.1000000000029 0.3078493472703842
554.2000000000029 0.31125875607118675
554.3000000000029 0.3146515714327894
554.4000000000029 0.3180257708026871
554.500000000003 0.3213806745941054
554.600000000003 0.32471493077887825
554.700000000003 0.3280292031716404
554.800000000003 0.331320794600038
554.900000000003 0.33458969591447757
555.0000000000031 0.3378345530826014
555.1000000000031 0.3410409775231666
555.2000000000031 0.34421972218642416
555.3000000000031 0.3473687616332043
555.4000000000032 0.3504847243393279
555.5000000000032 0.3535662558042331
555.6000000000032 0.35660998264030075
555.7000000000032 0.3596132031198539
555.8000000000033 0.3625732145534399
555.9000000000033 0.3654886592545934
556.0000000000033 0.36835615992847104
556.1000000000033 0.37116504319780746
556.2000000000033 0.3739238093189252
556.3000000000034 0.3766331214684097
556.4000000000034 0.3792936430006012
556.5000000000034 0.38190603744761376
556.6000000000034 0.38447029521017667
556.7000000000035 0.38698708004260607
556.8000000000035 0.38945705587698515
556.9000000000035 0.39188088682315303
557.0000000000035 0.3942592371687218
557.1000000000035 0.3965944501646751
557.2000000000036 0.39888621200140595
557.3000000000036 0.4011365341305507
557.4000000000036 0.40334540754300807
557.5000000000036 0.4055161918751345
557.6000000000037 0.40764887884437373
557.7000000000037 0.4097468292979801
557.8000000000037 0.41181003567993946
557.9000000000037 0.4138405122027333
558.0000000000038 0.41584027366008236
558.1000000000038 0.4178248353709126
558.2000000000038 0.41978082676318684
558.3000000000038 0.421706890121842
558.4000000000038 0.4236036899351748
558.5000000000039 0.4254718909810451
558.6000000000039 0.4273101351100529
558.7000000000039 0.429118412549673
558.8000000000039 0.43089806262814756
558.900000000004 0.43264840138450994
559.000000000004 0.43436874456824426
559.100000000004 0.4360768440183668
559.200000000004 0.4377570748594188
559.300000000004 0.4394127997130256
559.4000000000041 0.441045357897608
559.5000000000041 0.4426567646979638
559.6000000000041 0.4442490365723135
559.7000000000041 0.44582486653196124
559.8000000000042 0.4473855981978915
559.9000000000042 0.4489339271238255
560.0000000000042 0.4504711990820269
560.1000000000042 0.4520021368381134
560.2000000000043 0.4535254008179613
560.3000000000043 0.4550423393432295
560.4000000000043 0.45655362546580636
560.5000000000043 0.45805993264083517
560.6000000000043 0.4595632872824861
560.7000000000044 0.461063011499871
560.8000000000044 0.4625611329169108
560.9000000000044 0.4640590037869441
561.0000000000044 0.46555662380753465
561.1000000000045 0.4670405183248062
561.2000000000045 0.46852542475566855
561.3000000000045 0.47001202025721966
561.4000000000045 0.4714996283069695
561.5000000000045 0.4729889262206684
561.6000000000046 0.47447991447427346
561.7000000000046 0.4759725935437417
561.8000000000046 0.47746764122078056
561.9000000000046 0.4789650582193225
562.0000000000047 0.48046484525330446
562.1000000000047 0.48195624417542515
562.2000000000047 0.48345130512260853
562.3000000000047 0.4849500290578752
562.4000000000048 0.4864537724066536
562.5000000000048 0.4879638921079869
562.6000000000048 0.4894810677549185
562.7000000000048 0.4910059791972964
562.8000000000048 0.4925393065417759
562.9000000000049 0.4940817301518122
563.0000000000049 0.4956352868804983
563.1000000000049 0.49720684092028755
563.2000000000049 0.4987895804515709
563.300000000005 0.500381474030019
563.400000000005 0.5019825245605386
563.500000000005 0.5035913779703655
563.600000000005 0.5052073581541773
563.700000000005 0.5068297887087125
563.8000000000051 0.5084573142204791
563.9000000000051 0.5100892574668783
564.0000000000051 0.5117256197886402
564.1000000000051 0.5133819867700855
564.2000000000052 0.5150408468148884
564.3000000000052 0.5167015216485227
564.4000000000052 0.5183626533528811
564.5000000000052 0.5200235625777574
564.6000000000053 0.5216835695817867
564.7000000000053 0.5233426737782344
564.8000000000053 0.5249995152932169
564.9000000000053 0.5266527334705314
565.0000000000053 0.5283030063891303
565.1000000000054 0.5299573652518936
565.2000000000054 0.5316067887763484
565.3000000000054 0.5332492338338676
565.4000000000054 0.5348840165364082
565.5000000000055 0.5365104525582159
565.6000000000055 0.5381264961443578
565.7000000000055 0.5397321420422256
565.8000000000055 0.5413260235700366
565.9000000000055 0.5429074539945855
566.0000000000056 0.5444743842780609
566.1000000000056 0.5460237259290547
566.2000000000056 0.5475571777414765
566.3000000000056 0.5490713257881956
566.4000000000057 0.5505668421685014
566.5000000000057 0.5520403106136803
566.6000000000057 0.5534910390145473
566.7000000000057 0.554916971479183
566.8000000000058 0.5563174144083054
566.9000000000058 0.5576903099941516
567.0000000000058 0.5590335991517351
567.1000000000058 0.5603442762236559
567.2000000000058 0.5616246264938518
567.3000000000059 0.5628746359730489
567.4000000000059 0.5640949730842693
567.5000000000059 0.5652863066650361
567.6000000000059 0.566447940728271
567.700000000006 0.5675812270419176
567.800000000006 0.5686861525493196
567.900000000006 0.569762704193818
568.000000000006 0.5708115519528029
568.100000000006 0.5718346842474947
568.2000000000061 0.5728294083099856
568.3000000000061 0.5737970775845068
568.4000000000061 0.5747363125375141
568.5000000000061 0.5756464163539151
568.6000000000062 0.5765287427935365
568.7000000000062 0.5773812276056093
568.8000000000062 0.5782052246551598
568.9000000000062 0.5789986687446276
569.0000000000063 0.5797629138442381
569.1000000000063 0.580490961314719
569.2000000000063 0.5811884005129667
569.3000000000063 0.5818565869984053
569.4000000000063 0.582495508158389
569.5000000000064 0.583105151380274
569.6000000000064 0.583686873396753
569.7000000000064 0.5842392926409343
569.8000000000064 0.5847637662366008
569.9000000000065 0.5852602821577415
570.0000000000065 0.5857295134421056
570.1000000000065 0.5861675907723243
570.2000000000065 0.5865797261452224
570.3000000000065 0.5869679649594182
570.4000000000066 0.5873329828590661
570.5000000000066 0.5876775124516012
570.6000000000066 0.5880015453433175
570.7000000000066 0.5883078160069176
570.8000000000067 0.5885976887875879
570.9000000000067 0.5888725287766209
571.0000000000067 0.5891337018114172
571.1000000000067 0.5893800479787054
571.2000000000068 0.5896154597519966
571.3000000000068 0.589841305330537
571.4000000000068 0.5900575809207876
571.5000000000068 0.5902656556252182
571.6000000000068 0.5904662127305504
571.7000000000069 0.5906606225134448
571.8000000000069 0.5908488825351976
571.9000000000069 0.5910337375942797
572.0000000000069 0.5912144994362399
572.100000000007 0.5913944998683407
572.200000000007 0.5915738402544038
572.300000000007 0.5917525203166342
572.400000000007 0.591932601587266
572.500000000007 0.592115459347108
572.6000000000071 0.5923017821625501
572.7000000000071 0.5924936340659879
572.8000000000071 0.5926917049201906
572.9000000000071 0.5928973726913246
573.0000000000072 0.5931120160863448
573.1000000000072 0.5933363223378108
573.2000000000072 0.593570299455891
573.3000000000072 0.593815327497996
573.4000000000073 0.5940707226775475
573.5000000000073 0.5943371774099461
573.6000000000073 0.5946140077250225
573.7000000000073 0.594901906221769
573.8000000000073 0.5952008773063936
573.9000000000074 0.5955109253851031
574.0000000000074 0.5958320548641043
574.1000000000074 0.5961534555537152
574.2000000000074 0.5964866253322676
574.3000000000075 0.5968322571825615
574.4000000000075 0.5971924225165713
574.5000000000075 0.5975664371439923
574.6000000000075 0.5979563734188524
574.7000000000075 0.5983615474648645
574.8000000000076 0.59878403257811
574.9000000000076 0.5992245240965202
575.0000000000076 0.5996830281434383
575.1000000000076 0.6001402438121796
575.2000000000077 0.6006161447343302
575.3000000000077 0.60111211472906
575.4000000000077 0.6016267790632346
575.5000000000077 0.6021615217749641
575.6000000000078 0.6027156577691908
575.7000000000078 0.6032891916436679
575.8000000000078 0.6038821279961487
575.9000000000078 0.6044951614456072
576.0000000000078 0.6051276066780449
576.1000000000079 0.6057737639404585
576.2000000000079 0.6064386402723695
576.3000000000079 0.6071201689189359
576.4000000000079 0.6078176630842822
576.500000000008 0.6085290551453092
576.600000000008 0.6092529672654552
576.700000000008 0.6099887116358794
576.800000000008 0.6107342193310972
576.900000000008 0.6114881113568691
577.0000000000081 0.6122490083330686
577.1000000000081 0.6130442363494477
577.2000000000081 0.6138451590083671
577.3000000000081 0.6146503966435467
577.4000000000082 0.6154592598247235
577.5000000000082 0.6162717497605339
577.6000000000082 0.6170871766178379
577.7000000000082 0.6179041591188398
577.8000000000083 0.6187226977469947
577.9000000000083 0.6195414104187483
578.0000000000083 0.6203609884981824
578.1000000000083 0.6212026582093951
578.2000000000083 0.6220431731722189
578.3000000000084 0.6228832244335079
578.4000000000084 0.6237221198889867
578.5000000000084 0.6245598589042043
578.6000000000084 0.6253957488461772
578.7000000000085 0.6262297887632272
578.8000000000085 0.6270619777036771
578.9000000000085 0.6278916224000896
579.0000000000085 0.6287187215835599
579.1000000000085 0.629523897595195
579.2000000000086 0.6303237105185497
579.3000000000086 0.6311181583273748
579.4000000000086 0.6319037751993805
579.5000000000086 0.6326798649982767
579.6000000000087 0.6334443453939408
579.7000000000087 0.6341951330431258
579.8000000000087 0.6349301435894598
579.9000000000087 0.6356486780261305
580.0000000000088 0.6363486504770766
580.1000000000088 0.6369969178113187
580.2000000000088 0.6376244720199831
580.3000000000088 0.6382306151291737
580.4000000000088 0.6388160358990325
580.5000000000089 0.639380036254414
580.6000000000089 0.6399233050567115
580.7000000000089 0.6404444505093827
580.8000000000089 0.6409441614231971
580.900000000009 0.6414217393686317
581.000000000009 0.6418778732577057
581.100000000009 0.6423144510299089
581.200000000009 0.6427295781730133
581.300000000009 0.6431239436513376
581.4000000000091 0.6434982366428748
581.5000000000091 0.6438531465392949
581.6000000000091 0.6441893629459435
581.7000000000091 0.6445068815358885
581.8000000000092 0.6448070863809419
581.9000000000092 0.645090667727475
582.0000000000092 0.6453576217293278
582.1000000000092 0.6456187870539232
582.2000000000093 0.6458647121245955
582.3000000000093 0.6460933091977141
582.4000000000093 0.6463059625753614
582.5000000000093 0.6465005839349066
582.6000000000093 0.6466785576427659
582.7000000000094 0.6468384895538508
582.8000000000094 0.6469796798292817
582.9000000000094 0.6471028181432654
583.0000000000094 0.6472065095787143
583.1000000000095 0.6473036943201871
583.2000000000095 0.6473814217142446
583.3000000000095 0.6474403804339721
583.4000000000095 0.6474812594624035
583.5000000000095 0.6475047480925213
583.6000000000096 0.647511535927256
583.7000000000096 0.6475002264036279
583.8000000000096 0.6474735957554013
583.9000000000096 0.647430247574571
584.0000000000097 0.6473715677308913
584.1000000000097 0.64728898312241
584.2000000000097 0.6471931489567436
584.3000000000097 0.6470875410197391
584.4000000000098 0.6469735484642333
584.5000000000098 0.6468539531074174
584.6000000000098 0.6467315378469496
584.7000000000098 0.6466083904638361
584.8000000000098 0.6464872958140812
584.9000000000099 0.6463696471698026
585.0000000000099 0.6462589275424679
585.1000000000099 0.6461360848204168
585.2000000000099 0.6460215784243091
585.30000000001 0.6459154099917869
585.40000000001 0.6458168845788267
585.50000000001 0.6457253070594439
585.60000000001 0.6456399821256941
585.70000000001 0.645561607723946
585.8000000000101 0.6454880949280208
585.9000000000101 0.6454201415023276
586.0000000000101 0.6453570516840194
586.1000000000101 0.6452860785787247
586.2000000000102 0.6452199744924537
586.3000000000102 0.6451587401071909
586.4000000000102 0.645102376104921
586.5000000000102 0.6450515801846133
586.6000000000103 0.6450063531256786
586.7000000000103 0.6449680898713983
586.8000000000103 0.6449353971672149
586.9000000000103 0.644909670086312
587.0000000000103 0.6448909096029526
587.1000000000104 0.6448750142775109
587.2000000000104 0.6448674825394942
587.3000000000104 0.6448704071548725
587.4000000000104 0.6448837893515319
587.5000000000105 0.6449104196205311
587.6000000000105 0.6449516942033513
587.7000000000105 0.6450076148190322
587.8000000000105 0.6450809727772233
587.9000000000106 0.6451717701244003
588.0000000000106 0.6452827987159385
588.1000000000106 0.6454083771610051
588.2000000000106 0.6455534918802409
588.3000000000106 0.6457174471340907
588.4000000000107 0.6458988495616206
588.5000000000107 0.6460963056327454
588.6000000000107 0.6463098168064054
588.7000000000107 0.6465365941406073
588.8000000000108 0.6467773364619406
588.9000000000108 0.647029254468962
589.0000000000108 0.6472923491765873
589.1000000000108 0.6475663047227381
589.2000000000108 0.6478493466706828
589.3000000000109 0.6481421736209406
589.4000000000109 0.6484440887574744
589.5000000000109 0.6487543951750238
589.6000000000109 0.6490730936766061
589.700000000011 0.6494008828850468
589.800000000011 0.6497363679860528
589.900000000011 0.650079549715723
590.000000000011 0.6504304288101606
590.100000000011 0.6508238220688923
590.2000000000111 0.6512242531221065
590.3000000000111 0.6516324218247467
590.4000000000111 0.6520476320197307
590.5000000000111 0.6524698854963472
590.6000000000112 0.6528991840438844
590.7000000000112 0.6533362277558566
590.8000000000112 0.6537796218727425
590.9000000000112 0.6542307648519251
591.0000000000113 0.6546882616953139
591.1000000000113 0.6551799478784834
591.2000000000113 0.6556766283170128
591.3000000000113 0.6561769073732224
591.4000000000113 0.656678689863371
591.5000000000114 0.6571819763189112
591.6000000000114 0.657683272198256
591.7000000000114 0.6581818776010431
591.8000000000114 0.6586763930808509
591.9000000000115 0.6591640199219851
592.0000000000115 0.6596447554671838
592.1000000000115 0.6601162590539004
592.2000000000115 0.6605787672105559
592.3000000000116 0.6610315768276109
592.4000000000116 0.6614746841644342
592.5000000000116 0.6619073856661732
592.6000000000116 0.6623303772282948
592.7000000000116 0.6627422551254731
592.8000000000117 0.6631444152455233
592.9000000000117 0.6635354535068679
593.0000000000117 0.6639160658940361
593.1000000000117 0.6642758207926226
593.2000000000118 0.6646237327487877
593.3000000000118 0.6649590972474022
593.4000000000118 0.6652819100328715
593.5000000000118 0.6655907655424581
593.6000000000118 0.665885659047724
593.7000000000119 0.6661651841978583
593.8000000000119 0.6664286349015859
593.9000000000119 0.6666760057212032
594.0000000000119 0.666906590171398
594.100000000012 0.6671142461792104
594.200000000012 0.6673044012472854
594.300000000012 0.6674749460309248
594.400000000012 0.6676265756711918
594.500000000012 0.6677578813541737
594.6000000000121 0.6678695581471024
594.7000000000121 0.6679594951548111
594.8000000000121 0.6680283871492045
594.9000000000121 0.6680755257733239
595.0000000000122 0.6681002023748852
595.1000000000122 0.6681130892630515
595.2000000000122 0.6681041986541427
595.3000000000122 0.6680728205265704
595.4000000000123 0.6680210530319104
595.5000000000123 0.6679481864917267
595.6000000000123 0.6678556177863972
595.7000000000123 0.6677440420961617
595.8000000000123 0.6676141549444117
595.9000000000124 0.6674659496396724
596.0000000000124 0.6673008247780876
596.1000000000124 0.6671409114831822
596.2000000000124 0.6669647505314037
596.3000000000125 0.6667716314232298
596.4000000000125 0.6665622493831835
596.5000000000125 0.6663358936935284
596.6000000000125 0.6660939630954529
596.7000000000126 0.6658343401652109
596.8000000000126 0.6655591272697633
596.9000000000126 0.6652676135822667
597.0000000000126 0.6649590878394507
597.1000000000126 0.6646473097374168
597.2000000000127 0.6643198957452716
597.3000000000127 0.6639789501024732
597.4000000000127 0.6636258742911705
597.5000000000127 0.6632613664252196
597.6000000000128 0.6628875340433754
597.7000000000128 0.6625050769702406
597.8000000000128 0.662115400231651
597.9000000000128 0.6617199098310137
598.0000000000128 0.6613200127492992
598.1000000000129 0.6608910945152019
598.2000000000129 0.6604592170677915
598.3000000000129 0.6600257897541403
598.4000000000129 0.6595908120076395
598.500000000013 0.6591549886906952
598.600000000013 0.6587183195200027
598.700000000013 0.6582829210659138
598.800000000013 0.6578473824703968
598.900000000013 0.6574138211537193
599.0000000000131 0.6569822379657898
599.1000000000131 0.6565159345651302
599.2000000000131 0.6560530806311502
599.3000000000131 0.655592970922323
599.4000000000132 0.6551363122193928
599.5000000000132 0.6546831053469394
599.6000000000132 0.6542333511295434
599.7000000000132 0.6537877566777796
599.8000000000133 0.653346322981144
599.9000000000133 0.6529097574250731
600.0000000000133 0.6524780611639781
600.1000000000133 0.6520469573327927
600.2000000000133 0.6516221444105944
600.3000000000134 0.6512043303583955
600.4000000000134 0.6507942233385571
600.5000000000134 0.6503932384173796
600.6000000000134 0.6500020843109275
600.7000000000135 0.6496228835431469
600.8000000000135 0.6492549318276071
600.9000000000135 0.6489003522922963
601.0000000000135 0.648559854760688
601.1000000000136 0.6482482921774243
601.2000000000136 0.6479522163002943
601.3000000000136 0.647670924318019
601.4000000000136 0.6474044203735979
601.5000000000136 0.6471534158931174
601.6000000000137 0.6469165005191633
601.7000000000137 0.6466950930266715
601.8000000000137 0.6464884902755538
601.9000000000137 0.6462974039549442
602.0000000000138 0.6461204231813333
602.1000000000138 0.6459567223987139
602.2000000000138 0.6458092593964245
602.3000000000138 0.6456766229875753
602.4000000000138 0.6455602329454865
602.5000000000139 0.6454593857592433
602.6000000000139 0.6453762096470745
602.7000000000139 0.6453100013543762
602.8000000000139 0.6452614736192726
602.900000000014 0.6452306312476013
603.000000000014 0.6452181872978774
603.100000000014 0.6452368132210947
603.200000000014 0.645274554636158
603.300000000014 0.6453300008864322
603.4000000000141 0.6454031578206323
603.5000000000141 0.645494739930063
603.6000000000141 0.6456040445768149
603.7000000000141 0.6457303688110484
603.8000000000142 0.6458744271240675
603.9000000000142 0.6460348074555451
604.0000000000142 0.6462122242188058
604.1000000000142 0.6464236534372398
604.2000000000143 0.6466507192377551
604.3000000000143 0.6468955559628237
604.4000000000143 0.6471567520196013
604.5000000000143 0.647435023588953
604.6000000000143 0.6477296680139397
604.7000000000144 0.6480421113773247
604.8000000000144 0.6483709413134694
604.9000000000144 0.6487168743896353
605.0000000000144 0.6490806275594869
605.1000000000145 0.6494868344879237
605.2000000000145 0.6499087692769434
605.3000000000145 0.6503464401304382
605.4000000000145 0.6507991447565952
605.5000000000146 0.6512654697463911
605.6000000000146 0.6517447114406982
605.7000000000146 0.6522361656831834
605.8000000000146 0.6527384168273985
605.9000000000146 0.6532514704669051
606.0000000000147 0.6537731984707309
606.1000000000147 0.6543186603246628
606.2000000000147 0.6548728250359651
606.3000000000147 0.6554342743416938
606.4000000000148 0.6560037242661187
606.5000000000148 0.6565797555616106
606.6000000000148 0.6571630841117707
606.7000000000148 0.6577522896842838
606.8000000000148 0.6583480880220824
606.9000000000149 0.6589490579081644
607.0000000000149 0.659555914944793
607.1000000000149 0.6601666651796348
607.2000000000149 0.6607825949828995
607.300000000015 0.661402994227318
607.400000000015 0.6620278654338259
607.500000000015 0.6626564977748939
607.600000000015 0.6632888933513025
607.700000000015 0.663924340635262
607.8000000000151 0.6645635550760198
607.9000000000151 0.6652058248656806
608.0000000000151 0.6658504376361419
608.1000000000151 0.6664923033597165
608.2000000000152 0.6671357915035813
608.3000000000152 0.6677809028707233
608.4000000000152 0.6684283528481798
608.5000000000152 0.6690759984867842
608.6000000000153 0.6697245546382503
608.7000000000153 0.6703740217040716
608.8000000000153 0.6710236849663658
608.9000000000153 0.6716721139187184
609.0000000000153 0.6723207385322163
609.1000000000154 0.6729530226691876
609.2000000000154 0.6735840472710316
609.3000000000154 0.6742123801504213
609.4000000000154 0.6748387357522263
609.5000000000155 0.6754623970406153
609.6000000000155 0.6760819304150095
609.7000000000155 0.6766973337555323
609.8000000000155 0.6773086049423069
609.9000000000156 0.6779150254084785
610.0000000000156 0.6785151595513593
610.1000000000156 0.6790883131864488
610.2000000000156 0.6796551443266678
610.3000000000156 0.6802149335519045
610.4000000000157 0.6807683949522553
610.5000000000157 0.6813155259578919
610.6000000000157 0.6818548897273443
610.7000000000157 0.682386483119711
610.8000000000158 0.6829110203202688
610.9000000000158 0.6834277810522943
611.0000000000158 0.6839367621748806
611.1000000000158 0.684401103520739
611.2000000000158 0.6848568987158796
611.3000000000159 0.6853034280095445
611.4000000000159 0.6857406891675101
611.5000000000159 0.6861679621525792
611.6000000000159 0.6865852445586662
611.700000000016 0.686992533979685
611.800000000016 0.6873883920598736
611.900000000016 0.6877720980172933
612.000000000016 0.6881450851090937
612.100000000016 0.6884922182650922
612.2000000000161 0.6888278972520528
612.3000000000161 0.6891535564427221
612.4000000000161 0.6894691940310186
612.5000000000161 0.6897762448197081
612.6000000000162 0.6900761439555717
612.7000000000162 0.6903688901485517
612.8000000000162 0.6906559189754486
612.9000000000162 0.6909379478806468
613.0000000000163 0.6912156944805401
613.1000000000163 0.6915000820684162
613.2000000000163 0.6917816298870331
613.3000000000163 0.6920596186128531
613.4000000000163 0.6923333287079105
613.5000000000164 0.6926034779947473
613.6000000000164 0.6928693468281841
613.7000000000164 0.6931309342432947
613.8000000000164 0.6933882392751539
613.9000000000165 0.6936405419569394
614.0000000000165 0.6938885602184091
614.1000000000165 0.6941407612326146
614.2000000000165 0.6943865231934566
614.3000000000166 0.6946272828863189
614.4000000000166 0.6948601617535719
614.5000000000166 0.6950858770832231
614.6000000000166 0.6953037075472758
614.7000000000166 0.695512931565234
614.8000000000167 0.6957121077436015
614.9000000000167 0.6959019530547612
615.0000000000167 0.696081025663342
615.1000000000167 0.6962442471100473
615.2000000000168 0.6963966887667614
615.3000000000168 0.6965397877497487
615.4000000000168 0.6966742617200341
615.5000000000168 0.6968022685224347
615.6000000000168 0.6969230865602292
615.7000000000169 0.6970381542808741
615.8000000000169 0.697148910594848
615.9000000000169 0.6972567948756527
616.0000000000169 0.6973610861632213
616.100000000017 0.6974466808247858
616.200000000017 0.6975308400013805
616.300000000017 0.6976135634527159
616.400000000017 0.6976955713642248
616.500000000017 0.6977768636157622
616.6000000000171 0.6978574400871834
616.7000000000171 0.6979380212042117
616.8000000000171 0.698018606966847
616.9000000000171 0.6980999180010542
617.0000000000172 0.6981812337609635
617.1000000000172 0.6982535300664527
617.2000000000172 0.698325109244777
617.3000000000172 0.6983959712059652
617.4000000000173 0.6984639535021239
617.5000000000173 0.6985290557733698
617.6000000000173 0.6985883942760014
617.7000000000173 0.6986426891661973
617.8000000000173 0.6986904980022922
617.9000000000174 0.698729657166773
618.0000000000174 0.6987601655799913
618.1000000000174 0.6987838707443147
618.2000000000174 0.6987989227151479
618.3000000000175 0.6988060413566881
618.4000000000175 0.6988066677661312
618.5000000000175 0.6988008010420708
618.6000000000175 0.6987906037817848
618.7000000000176 0.6987767965839501
618.8000000000176 0.6987601001807838
618.9000000000176 0.6987419567044305
619.0000000000176 0.6987230872543504
619.1000000000176 0.6987214721119739
619.2000000000177 0.6987198499053753
619.3000000000177 0.6987189420857002
619.4000000000177 0.6987180273027199
619.5000000000177 0.6987171055564347
619.6000000000178 0.6987161768468445
619.7000000000178 0.6987145195209681
619.8000000000178 0.698712855130869
619.9000000000178 0.6987097401687505
620.0000000000178 0.6987066179405794
620.1000000000179 0.6987316479542668
620.2000000000179 0.6987559440071607
620.3000000000179 0.69877806176116
620.4000000000179 0.6987972783583503
620.500000000018 0.698814315035788
620.600000000018 0.6988284487734719
620.700000000018 0.6988382338555724
620.800000000018 0.6988436688233167
620.900000000018 0.6988447522179327
621.0000000000181 0.6988407599658664
621.1000000000181 0.6988564909737474
621.2000000000181 0.6988664131295028
621.3000000000181 0.6988705238546246
621.4000000000182 0.6988688205706052
621.5000000000182 0.6988605775469613
621.6000000000182 0.6988465151422849
621.7000000000182 0.6988251840443662
621.8000000000183 0.6987980279786478
621.9000000000183 0.6987635972031689
622.0000000000183 0.6987218884947964
622.1000000000183 0.6986823163087345
622.2000000000183 0.6986361799175782
622.3000000000184 0.6985842002158281
622.4000000000184 0.6985270985637628
622.5000000000184 0.6984648725160517
622.6000000000184 0.6983989684030248
622.7000000000185 0.6983293844780175
622.8000000000185 0.6982568436150842
622.9000000000185 0.6981827938912205
623.0000000000185 0.6981065097541517
623.1000000000186 0.6980269681237363
623.2000000000186 0.6979466419681954
623.3000000000186 0.6978655309458979
623.4000000000186 0.6977843600243291
623.5000000000186 0.6977038546264812
623.6000000000187 0.6976240150939851
623.7000000000187 0.6975448417684716
623.8000000000187 0.697467060756195
623.9000000000187 0.697390672740417
624.0000000000188 0.6973156784043977
624.1000000000188 0.6972338929248834
624.2000000000188 0.6971542335426769
624.3000000000188 0.6970752485868125
624.4000000000188 0.69699693837108
624.5000000000189 0.6969178501785497
624.6000000000189 0.6968387103153881
624.7000000000189 0.6967580653324905
624.8000000000189 0.69667518777313
624.900000000019 0.6965908036296836
625.000000000019 0.6965027311595452
625.100000000019 0.6963921548655299
625.200000000019 0.6962778982523378
625.300000000019 0.6961606873479929
625.4000000000191 0.6960397937670666
625.5000000000191 0.6959173986245822
625.6000000000191 0.6957920463283828
625.7000000000191 0.6956644634958441
625.8000000000192 0.6955353770811143
625.9000000000192 0.6954040587829574
626.0000000000192 0.6952712357239025
626.1000000000192 0.6951129792362499
626.2000000000193 0.6949539604285125
626.3000000000193 0.6947956352363516
626.4000000000193 0.6946394600624094
626.5000000000193 0.694485435432039
626.6000000000193 0.694335018331608
626.7000000000194 0.6941889379255847
626.8000000000194 0.6940486519591799
626.9000000000194 0.6939156186445853
627.0000000000194 0.6937891112689787
627.1000000000195 0.6936609524386623
627.2000000000195 0.6935400565941136
627.3000000000195 0.6934271537664101
627.4000000000195 0.6933200595607933
627.5000000000196 0.693219503818392
627.6000000000196 0.6931240303235205
627.7000000000196 0.6930336400734122
627.8000000000196 0.6929468763775083
627.9000000000196 0.6928637399481186
628.0000000000197 0.692783502558684
628.1000000000197 0.6927166571514801
628.2000000000197 0.692653436989415
628.3000000000197 0.692593113845175
628.4000000000198 0.692537146782429
628.5000000000198 0.6924862661038639
628.6000000000198 0.6924404730547042
628.7000000000198 0.6924012275880642
628.8000000000198 0.6923685313049461
628.9000000000199 0.6923431152788906
629.0000000000199 0.6923257108206264
629.1000000000199 0.6923322294155139
629.2000000000199 0.6923474907971989
629.30000000002 0.692370767918536
629.40000000002 0.6924020632642143
629.50000000002 0.6924413793189222
629.60000000002 0.6924879885837533
629.70000000002 0.6925426233764045
629.8000000000201 0.6926038259131989
629.9000000000201 0.6926723284365405
630.0000000000201 0.6927481332052406
630.1000000000201 0.6928482130807809
630.2000000000202 0.6929541395563409
630.3000000000202 0.6930666454534327
630.4000000000202 0.6931850026482137
630.5000000000202 0.6933084826410287
630.6000000000203 0.6934378182533895
630.7000000000203 0.6935722807977335
630.8000000000203 0.6937118722470824
630.9000000000203 0.693856594574457
631.0000000000203 0.6940049873042714
631.1000000000204 0.694161360498929
631.2000000000204 0.6943236020552472
631.3000000000204 0.6944909828010892
631.4000000000204 0.6946642364038156
631.5000000000205 0.6948455603475064
631.6000000000205 0.695034226046358
631.7000000000205 0.6952324321571177
631.8000000000205 0.6954394504848705
631.9000000000206 0.6956560166514222
632.0000000000206 0.69588433107252
632.1000000000206 0.6961250527211695
632.2000000000206 0.6963768000404982
632.3000000000206 0.6966373799964384
632.4000000000207 0.6969075287577513
632.5000000000207 0.6971857847976285
632.6000000000207 0.6974699529992037
632.7000000000207 0.6977607686386104
632.8000000000208 0.6980567684037846
632.9000000000208 0.6983564881892155
633.0000000000208 0.6986599294826167
633.1000000000208 0.698968672344811
633.2000000000209 0.6992789409715177
633.3000000000209 0.6995922029779142
633.4000000000209 0.6999069923868323
633.5000000000209 0.7002240435177386
633.6000000000209 0.7005426234844248
633.700000000021 0.7008642007210729
633.800000000021 0.7011865744191704
633.900000000021 0.7015112131152748
634.000000000021 0.7018381177307658
634.100000000021 0.702163095026778
634.2000000000211 0.7024903375862033
634.3000000000211 0.7028191117844953
634.4000000000211 0.7031508874384382
634.5000000000211 0.7034856657331202
634.6000000000212 0.7038234478536293
634.7000000000212 0.7041642349850529
634.8000000000212 0.7045080283124797
634.9000000000212 0.7048562992328109
635.0000000000213 0.7052083143190129
635.1000000000213 0.705557296351129
635.2000000000213 0.7059100204254526
635.3000000000213 0.7062650169578909
635.4000000000214 0.7066208156308069
635.5000000000214 0.7069774167192798
635.6000000000214 0.707334084743566
635.7000000000214 0.7076893480106358
635.8000000000214 0.7080424700321242
635.9000000000215 0.7083919779229934
636.0000000000215 0.7087378703078498
636.1000000000215 0.7090782559386386
636.2000000000215 0.7094135500446389
636.3000000000216 0.7097422779186584
636.4000000000216 0.7100644370966904
636.5000000000216 0.7103792885368385
636.6000000000216 0.7106868295013185
636.7000000000216 0.7109855837315266
636.8000000000217 0.7112762847937906
636.9000000000217 0.7115567188477616
637.0000000000217 0.7118276190947334
637.1000000000217 0.712104818448361
637.2000000000218 0.7123724842773266
637.3000000000218 0.7126328244317207
637.4000000000218 0.7128865731269205
637.5000000000218 0.7131352025882343
637.6000000000219 0.7133801859082962
637.7000000000219 0.7136229970470676
637.8000000000219 0.7138651108318356
637.9000000000219 0.7141072649472829
638.0000000000219 0.7143509356301074
638.100000000022 0.7146185747801811
638.200000000022 0.7148884790181169
638.300000000022 0.7151599110060731
638.400000000022 0.7154313942471886
638.500000000022 0.7157021899726964
638.6000000000221 0.7159715588934923
638.7000000000221 0.7162380221712009
638.8000000000221 0.7165015782448118
638.9000000000221 0.7167607469751075
639.0000000000222 0.7170147866013955
639.1000000000222 0.7173092836891419
639.2000000000222 0.7175979211512907
639.3000000000222 0.7178792147910138
639.4000000000223 0.7181538993835065
639.5000000000223 0.7184212297938979
639.6000000000223 0.7186804601728575
639.7000000000223 0.7189315846260874
639.8000000000224 0.7191753381073982
639.9000000000224 0.71941023320489
640.0000000000224 0.7196362634884168
640.1000000000224 0.7198414417366796
640.2000000000224 0.7200384826887067
640.3000000000225 0.7202273808573919
640.4000000000225 0.7204096144965138
640.5000000000225 0.7205859211533402
640.6000000000225 0.7207570390402428
640.7000000000226 0.7209229646654267
640.8000000000226 0.7210844370726436
640.9000000000226 0.7212429386725709
641.0000000000226 0.721399210337991
641.1000000000226 0.7215337745477145
641.2000000000227 0.72166610635142
641.3000000000227 0.7217969477398851
641.4000000000227 0.7219262978357891
641.5000000000227 0.7220541557618111
641.6000000000228 0.7221805206406308
641.7000000000228 0.7223046477032883
641.8000000000228 0.7224280237095209
641.9000000000228 0.722549904036589
642.0000000000229 0.7226702878071667
642.1000000000229 0.7227670712269111
642.2000000000229 0.7228631024152999
642.3000000000229 0.7229576363013098
642.4000000000229 0.7230506721442169
642.500000000023 0.7231422092032971
642.600000000023 0.723231501666803
642.700000000023 0.723319293618126
642.800000000023 0.7234055843165421
642.900000000023 0.7234888821385567
643.0000000000231 0.7235706767323976
643.1000000000231 0.7236378792692888
643.2000000000231 0.7237028324877897
643.3000000000231 0.7237670271853713
643.4000000000232 0.7238289710142626
643.5000000000232 0.7238909013333956
643.6000000000232 0.7239520719135167
643.7000000000232 0.7240124824224192
643.8000000000233 0.7240736254293458
643.9000000000233 0.7241347547050433
644.0000000000233 0.7241973635939037
644.1000000000233 0.7242572603072515
644.2000000000234 0.7243186381461415
644.3000000000234 0.7243807507599267
644.4000000000234 0.7244450926720112
644.5000000000234 0.72451017043082
644.6000000000234 0.724577478988489
644.7000000000235 0.7246462718871876
644.8000000000235 0.7247165497700135
644.9000000000235 0.7247890609169065
645.0000000000235 0.7248630585484874
645.1000000000236 0.7249392071200448
645.2000000000236 0.7250183395993551
645.3000000000236 0.7250989611409447
645.4000000000236 0.7251825687322118
645.5000000000236 0.725269163658311
645.6000000000237 0.7253587472043964
645.7000000000237 0.7254520691493217
645.8000000000237 0.7255476338979397
645.9000000000237 0.7256476885377909
646.0000000000238 0.7257514861816192
646.1000000000238 0.725860246020978
646.2000000000238 0.7259735011340179
646.3000000000238 0.7260905043310387
646.4000000000239 0.7262112572373276
646.5000000000239 0.7263365108349218
646.6000000000239 0.7264662670741658
646.7000000000239 0.7265997783319494
646.8000000000239 0.7267377959153672
646.900000000024 0.7268803217747637
647.000000000024 0.7270266079619738
647.100000000024 0.7271880548608073
647.200000000024 0.7273532670044959
647.300000000024 0.727522996439591
647.4000000000241 0.7276949941865692
647.5000000000241 0.7278707623098304
647.6000000000241 0.7280495519848817
647.7000000000241 0.7282298631760279
647.8000000000242 0.7284131983056749
647.9000000000242 0.7285980568607849
648.0000000000242 0.7287844395573753
648.1000000000242 0.7289895436543387
648.2000000000243 0.72919467406619
648.3000000000243 0.7294020853020424
648.4000000000243 0.7296095236751226
648.5000000000243 0.7298177409625816
648.6000000000244 0.7300267375755897
648.7000000000244 0.7302365139253171
648.8000000000244 0.7304463182346119
648.9000000000244 0.7306561505034748
649.0000000000244 0.7308667631943101
649.1000000000245 0.7309544651615423
649.2000000000245 0.7310421692914788
649.3000000000245 0.7311306280780505
649.4000000000245 0.731219841552753
649.5000000000246 0.7313113147769372
649.6000000000246 0.7314035427942381
649.7000000000246 0.7314980307080009
649.8000000000246 0.731594778612713
649.9000000000246 0.7316937866028614
650.0000000000247 0.7317965599077745
650.1000000000247 0.7319023461070111
650.2000000000247 0.7320103927381367
650.3000000000247 0.7321222050934708
650.4000000000248 0.732235525502247
650.5000000000248 0.7323511066473702
650.6000000000248 0.7324689486233276
650.7000000000248 0.7325882988836954
650.8000000000249 0.7327084048400563
650.9000000000249 0.7328300191858129
651.0000000000249 0.7329523893115506
651.1000000000249 0.7330747625658602
651.2000000000249 0.7331963862553385
651.300000000025 0.7333172603484892
651.400000000025 0.7334351266706147
651.500000000025 0.7335492323708334
651.600000000025 0.7336588245562692
651.700000000025 0.7337631502920513
651.8000000000251 0.7338607038449206
651.9000000000251 0.7339514849314153
652.0000000000251 0.7340332349358984
652.1000000000251 0.7341059534804224
652.2000000000252 0.7341703929854277
652.3000000000252 0.7342280587222375
652.4000000000252 0.7342789504073901
652.5000000000252 0.734324573417194
652.6000000000253 0.7343656803715634
652.7000000000253 0.734404529634169
652.8000000000253 0.7344411211105244
652.9000000000253 0.7344762075780216
653.0000000000254 0.7345120476208016
653.1000000000254 0.73454864127036
653.2000000000254 0.7345859885581923
653.3000000000254 0.7346225836880482
653.4000000000254 0.7346591795528034
653.5000000000255 0.7346950232175873
653.6000000000255 0.7347293617055354
653.7000000000255 0.7347614419977887
653.8000000000255 0.7347912639998601
653.9000000000256 0.7348173216635333
654.0000000000256 0.7348403678186928
654.1000000000256 0.7348588963436321
654.2000000000256 0.734872154041017
654.3000000000256 0.7348801406903778
654.4000000000257 0.7348821030418862
654.5000000000257 0.7348765347638654
654.6000000000257 0.7348634355413579
654.7000000000257 0.7348412989377009
654.8000000000258 0.7348101245749459
654.9000000000258 0.7347691589932936
655.0000000000258 0.7347168955986034
655.1000000000258 0.7346540870212868
655.2000000000259 0.7345807328204051
655.3000000000259 0.7344998450503963
655.4000000000259 0.734412176530647
655.5000000000259 0.7343192332673799
655.600000000026 0.7342240276614852
655.700000000026 0.7341265596184766
655.800000000026 0.7340283353965422
655.900000000026 0.733933120898365
656.000000000026 0.7338401630525945
656.1000000000261 0.7337517215772157
656.2000000000261 0.7336670434428715
656.3000000000261 0.7335853755782096
656.4000000000261 0.7335037051518978
656.5000000000261 0.7334220321639362
656.6000000000262 0.7333388500936726
656.7000000000262 0.7332526523364669
656.8000000000262 0.7331619322036903
656.9000000000262 0.7330659362145467
657.0000000000263 0.7329631575439262
657.1000000000263 0.7328520892827305
657.2000000000263 0.7327342377311417
657.3000000000263 0.7326103559395138
657.4000000000264 0.732479690311568
657.5000000000264 0.7323452539830944
657.6000000000264 0.7322070467966144
657.7000000000264 0.73206582197046
657.8000000000264 0.7319223327649573
657.9000000000265 0.7317780858792334
658.0000000000265 0.7316338346890984
658.1000000000265 0.7314895791945525
658.2000000000265 0.731346826252201
658.3000000000266 0.731204069047433
658.4000000000266 0.731062061029548
658.5000000000266 0.7309215556898403
658.6000000000266 0.7307810461507072
658.7000000000266 0.7306412858929445
658.8000000000267 0.7305030284393419
658.9000000000267 0.7303655203510981
659.0000000000267 0.7302287616597086
659.1000000000267 0.7300927523966696
659.2000000000268 0.7299582461267645
659.3000000000268 0.7298237358254114
659.4000000000268 0.7296907286011807
659.5000000000268 0.7295577173874959
659.6000000000269 0.7294254557596396
659.7000000000269 0.7292931901633263
659.8000000000269 0.7291616741948357
659.9000000000269 0.7290301542788851
660.000000000027 0.7288986304154744
660.100000000027 0.728767102604604
660.200000000027 0.7286363244845477
660.300000000027 0.7285062960868017
660.400000000027 0.7283777711021323
660.5000000000271 0.7282499959237616
660.6000000000271 0.7281237242634537
660.7000000000271 0.7279997098749669
660.8000000000271 0.7278779528527882
660.9000000000271 0.7277592070031692
661.0000000000272 0.7276434724520922
661.1000000000272 0.72753074932554
661.2000000000272 0.7274210377494956
661.3000000000272 0.7273143378499413
661.4000000000273 0.7272098959886032
661.5000000000273 0.7271069584852128
661.6000000000273 0.7270062791880155
661.7000000000273 0.7269071043957457
661.8000000000274 0.7268086803651435
661.9000000000274 0.7267110071277048
662.0000000000274 0.7266140847149544
662.1000000000274 0.7266241734773023
662.2000000000274 0.7266357358637947
662.3000000000275 0.7266510351792307
662.4000000000275 0.7266700732466654
662.5000000000275 0.7266943607590202
662.6000000000275 0.7267261639379818
662.7000000000276 0.7267669957856738
662.8000000000276 0.726817615476972
662.9000000000276 0.7268802925150611
663.0000000000276 0.7269550327337135
663.1000000000276 0.7270335613842562
663.2000000000277 0.7271249213359866
663.3000000000277 0.7272283628542706
663.4000000000277 0.7273416247922425
663.5000000000277 0.7274647114626389
663.6000000000278 0.7275953600598491
663.7000000000278 0.7277328180846641
663.8000000000278 0.7278755766682605
663.9000000000278 0.7280221260571509
664.0000000000279 0.7281709556131849
664.1000000000279 0.7283233271676456
664.2000000000279 0.7284772245402996
664.3000000000279 0.7286318919207313
664.400000000028 0.7287865730478147
664.500000000028 0.7289412679215505
664.600000000028 0.7290967333664509
664.700000000028 0.7292514558461677
664.800000000028 0.7294054350226689
664.9000000000281 0.7295586705579212
665.0000000000281 0.7297104048386703
665.1000000000281 0.729862623977556
665.2000000000281 0.7300140983760758
665.3000000000281 0.7301663429265355
665.4000000000282 0.7303201157018304
665.5000000000282 0.7304769330756586
665.6000000000282 0.730637554374401
665.7000000000282 0.7308027393802528
665.8000000000283 0.7309747647049178
665.9000000000283 0.7311528751243325
666.0000000000283 0.7313393486176402
666.1000000000283 0.7315340040185943
666.2000000000284 0.7317355127182404
666.3000000000284 0.7319446365205831
666.4000000000284 0.7321591022149051
666.5000000000284 0.7323773942144213
666.6000000000284 0.7325995142137555
666.7000000000285 0.7328231862907918
666.8000000000285 0.7330468924862703
666.9000000000285 0.7332706328001902
667.0000000000285 0.7334921285990402
667.1000000000286 0.7337225727886456
667.2000000000286 0.7339507737211234
667.3000000000286 0.7341774901935908
667.4000000000286 0.7344050015869511
667.5000000000286 0.7346340684422277
667.6000000000287 0.7348654517987022
667.7000000000287 0.7350999131939163
667.8000000000287 0.7353397357457155
667.9000000000287 0.7355841614043727
668.0000000000288 0.735836235572669
668.1000000000288 0.7361189907760151
668.2000000000288 0.736407888977918
668.3000000000288 0.7367036949745194
668.4000000000289 0.7370048900045436
668.5000000000289 0.7373099541197563
668.6000000000289 0.7376188895457065
668.7000000000289 0.7379301748504595
668.800000000029 0.7382438113693448
668.900000000029 0.7385575140612455
669.000000000029 0.7388720452000198
669.100000000029 0.7392075963026321
669.200000000029 0.739541698337237
669.3000000000291 0.7398743502792231
669.4000000000291 0.7402047881470527
669.5000000000291 0.7405337735315036
669.6000000000291 0.7408597788110374
669.7000000000291 0.7411828019364316
669.8000000000292 0.7415028408584634
669.9000000000292 0.7418191297171408
670.0000000000292 0.7421316659509395
670.1000000000292 0.7424521690574082
670.2000000000293 0.7427689187265976
670.3000000000293 0.7430826767366057
670.4000000000293 0.7433926761679766
670.5000000000293 0.7437004440656864
670.6000000000294 0.7440059787771559
670.7000000000294 0.7443100439166833
670.8000000000294 0.7446134038330462
670.9000000000294 0.7449152923412677
671.0000000000294 0.7452172399750979
671.1000000000295 0.7455042637441643
671.2000000000295 0.7457905755275862
671.3000000000295 0.7460761748206877
671.4000000000295 0.7463602946281545
671.5000000000296 0.7466429339406345
671.6000000000296 0.7469225580945991
671.7000000000296 0.7471991650713442
671.8000000000296 0.7474719856886275
671.9000000000296 0.7477410174230691
672.0000000000297 0.7480054902512857
672.1000000000297 0.7482174979327795
672.2000000000297 0.7484249289030519
672.3000000000297 0.7486277810044892
672.4000000000298 0.7488260520794772
672.5000000000298 0.7490205080697285
672.6000000000298 0.749211147177232
672.7000000000298 0.7493979676039758
672.8000000000299 0.7495825044698071
672.9000000000299 0.7497639881171216
673.0000000000299 0.7499424171075081
673.1000000000299 0.7501113743532327
673.20000000003 0.7502788110772097
673.30000000003 0.7504424194958884
673.40000000003 0.7506037362190703
673.50000000003 0.7507627602342194
673.60000000003 0.7509171824077393
673.7000000000301 0.7510693091731339
673.8000000000301 0.7512176003204771
673.9000000000301 0.7513612844510125
674.0000000000301 0.7515018991870716
674.1000000000301 0.7516259424225681
674.2000000000302 0.7517461423541529
674.3000000000302 0.7518617273535906
674.4000000000302 0.7519734658410588
674.5000000000302 0.7520813563127802
674.6000000000303 0.7521846268397637
674.7000000000303 0.7522840461429422
674.8000000000303 0.7523788420928215
674.9000000000303 0.752470554336807
675.0000000000304 0.7525576400194313
675.1000000000304 0.7526286113357962
675.2000000000304 0.752695724311593
675.3000000000304 0.7527589776313649
675.4000000000304 0.7528183699796558
675.5000000000305 0.7528746713057156
675.6000000000305 0.7529271092047755
675.7000000000305 0.7529764538014797
675.8000000000305 0.753022704043463
675.9000000000306 0.7530650872628655
676.0000000000306 0.753105145550613
676.1000000000306 0.7531364059621789
676.2000000000306 0.7531653404592294
676.3000000000306 0.7531919483050646
676.4000000000307 0.7532170007935991
676.5000000000307 0.7532412695461694
676.6000000000307 0.7532647543172092
676.7000000000307 0.753288227137333
676.8000000000308 0.7533124603645781
676.9000000000308 0.7533374542445109
677.0000000000308 0.7533632090227015
677.1000000000308 0.753398403816365
677.2000000000309 0.7534351317783446
677.3000000000309 0.7534710750735052
677.4000000000309 0.7535054605503541
677.5000000000309 0.7535375146975442
677.600000000031 0.7535656905823458
677.700000000031 0.7535892137038138
677.800000000031 0.7536073092011493
677.900000000031 0.7536184285222793
678.000000000031 0.7536217958168123
678.1000000000311 0.753632380137629
678.2000000000311 0.7536344290186359
678.3000000000311 0.7536287126974838
678.4000000000311 0.753615227990441
678.5000000000312 0.7535955196177854
678.6000000000312 0.7535695850325316
678.7000000000312 0.7535381958519475
678.8000000000312 0.7535021241177988
678.9000000000312 0.7534613679198471
679.0000000000313 0.7534166998304838
679.1000000000313 0.7533815386513818
679.2000000000313 0.753342457408583
679.3000000000313 0.7532994543151912
679.4000000000314 0.7532525275843106
679.5000000000314 0.7532016754290447
679.6000000000314 0.7531453456677267
679.7000000000314 0.753084311115214
679.8000000000314 0.753018569627231
679.9000000000315 0.7529465679499732
680.0000000000315 0.7528690788982646
680.1000000000315 0.752678666224996
680.2000000000315 0.7524812675877215
680.3000000000316 0.7522761070362909
680.4000000000316 0.7520624085837204
680.5000000000316 0.7518401719261248
680.6000000000316 0.751606293843049
680.7000000000317 0.7513623253968075
680.8000000000317 0.7511059389855834
680.9000000000317 0.7508363584105953
681.0000000000317 0.7505535832022028
681.1000000000317 0.7502560613403949
681.2000000000318 0.7499437923002802
681.3000000000318 0.7496159997633637
681.4000000000318 0.7492719073743177
681.5000000000318 0.7489115145529981
681.6000000000319 0.7485332690768048
681.7000000000319 0.7481379461407806
681.8000000000319 0.7477247692975092
681.9000000000319 0.7472921862138882
682.000000000032 0.7468409720573335
682.100000000032 0.7463695744302807
682.200000000032 0.7458787684909387
682.300000000032 0.7453677776629705
682.400000000032 0.7448350494383098
682.5000000000321 0.7442821348516451
682.6000000000321 0.7437074813580737
682.7000000000321 0.7431110881840719
682.8000000000321 0.7424921786243828
682.9000000000322 0.7418515278187988
683.0000000000322 0.7411875830934962
683.1000000000322 0.740500343619699
683.2000000000322 0.7397882566314975
683.3000000000322 0.7390489933115368
683.4000000000323 0.7382817767059292
683.5000000000323 0.7374835018353724
683.6000000000323 0.7366533915894299
683.7000000000323 0.7357883407770026
683.8000000000324 0.7348883481549247
683.9000000000324 0.7339495323148998
684.0000000000324 0.7329718918756329
684.1000000000324 0.7319523212500548
684.2000000000324 0.7308915950070215
684.3000000000325 0.7297866074029158
684.4000000000325 0.7286389090212065
684.5000000000325 0.7274469461659125
684.6000000000325 0.726209165067386
684.7000000000326 0.7249263402023972
684.8000000000326 0.7235969177368357
684.9000000000326 0.7222201198880401
685.0000000000326 0.7207959449708318
685.1000000000327 0.719322839012973
685.2000000000327 0.717801576426774
685.3000000000327 0.7162313793374829
685.4000000000327 0.714613022175831
685.5000000000327 0.7129457270486483
685.6000000000328 0.7112294922155072
685.7000000000328 0.709465868333543
685.8000000000328 0.7076533013015948
685.9000000000328 0.7057917893792387
686.0000000000329 0.7038821070524518
686.1000000000329 0.7019234763728145
686.2000000000329 0.699915119355072
686.3000000000329 0.6978547054690657
686.400000000033 0.695741456600625
686.500000000033 0.6935722657813846
686.600000000033 0.6913463547406233
686.700000000033 0.6890621688799164
686.800000000033 0.6867173772270909
686.9000000000331 0.6843104250087644
687.0000000000331 0.6818405336963714
687.1000000000331 0.6793053720691085
687.2000000000331 0.6767026087956699
687.3000000000332 0.6740314651264826
687.4000000000332 0.6712896095644915
687.5000000000332 0.6684762632312033
687.6000000000332 0.6655898708375475
687.7000000000332 0.6626273242548751
687.8000000000333 0.6595878443836859
687.9000000000333 0.6564698756862837
688.0000000000333 0.6532718625512927
688.1000000000333 0.649992249293673
688.2000000000334 0.6466333622997048
688.3000000000334 0.6431983045043725
688.4000000000334 0.6396894025425965
688.5000000000334 0.6361097596164117
688.6000000000334 0.6324617026093632
688.7000000000335 0.6287483349905395
688.8000000000335 0.624971983892114
688.9000000000335 0.6211357530502338
689.0000000000335 0.6172419698457049
689.1000000000336 0.6132937382817149
689.2000000000336 0.6092902799033708
689.3000000000336 0.605232369279525
689.4000000000336 0.6011207810158778
689.5000000000337 0.5969539601088222
689.6000000000337 0.5927326811548407
689.7000000000337 0.5884569422201238
689.8000000000337 0.5841259647945218
689.9000000000337 0.5797413000876972
690.0000000000338 0.575301393003956
690.1000000000338 0.570807018185825
690.2000000000338 0.5662605035390046
690.3000000000338 0.5616610705901794
690.4000000000339 0.5570118239871519
690.5000000000339 0.552314315243454
690.6000000000339 0.5475693192962884
690.7000000000339 0.5427791644381172
690.800000000034 0.5379438490666365
690.900000000034 0.5330664782900795
691.000000000034 0.5281470506166454
691.100000000034 0.5231886713387293
691.200000000034 0.5181944458960647
691.3000000000341 0.5131674798757169
691.4000000000341 0.5081132091831264
691.5000000000341 0.5030339630500299
691.6000000000341 0.4979344010449452
691.7000000000342 0.49281840620609707
691.8000000000342 0.48768908499536967
691.9000000000342 0.4825510975614352
692.0000000000342 0.4774083274950298
692.1000000000342 0.4722638817829329
692.2000000000343 0.46711776036989344
692.3000000000343 0.46197151681375553
692.4000000000343 0.4568251511145311
692.5000000000343 0.45167866327221434
692.6000000000344 0.44653283012098205
692.7000000000344 0.4413876516884603
692.8000000000344 0.436243128002269
692.9000000000344 0.43110003595184854
693.0000000000344 0.4259583755924639
693.1000000000345 0.42087417501171087
693.2000000000345 0.41579160995784636
693.3000000000345 0.41071068176536857
693.4000000000345 0.4056337237163298
693.5000000000346 0.40056151557315905
693.6000000000346 0.395494060004864
693.7000000000346 0.3904336926288655
693.8000000000346 0.3853804171150424
693.9000000000347 0.38033501500517947
694.0000000000347 0.3752990462689754
694.1000000000347 0.37027231954043016
694.2000000000347 0.36525819672790705
694.3000000000347 0.3602621317775681
694.4000000000348 0.3552856895803188
694.5000000000348 0.35033277144944797
694.6000000000348 0.3454065022205239
694.7000000000348 0.340510787185321
694.8000000000349 0.33564797609951963
694.9000000000349 0.3308219779108058
695.0000000000349 0.3260359246590167
695.1000000000349 0.3212942109902182
695.200000000035 0.31659555717425825
695.300000000035 0.3119415409012676
695.400000000035 0.3073314022439705
695.500000000035 0.30276671966658736
695.600000000035 0.2982467333524158
695.7000000000351 0.2937722427073196
695.8000000000351 0.28934326763645934
695.9000000000351 0.28496138815225003
696.0000000000351 0.28062506449494845
696.1000000000352 0.27633602073192526
696.2000000000352 0.2720933489837685
696.3000000000352 0.26789706956159925
696.4000000000352 0.2637464221683894
696.5000000000352 0.2596406460631375
696.6000000000353 0.2555797608910308
696.7000000000353 0.2515622244149915
696.8000000000353 0.24758961771850857
696.9000000000353 0.2436596169574417
697.0000000000354 0.23977302205216733
697.1000000000354 0.23592709544489743
697.2000000000354 0.23212389513314835
697.3000000000354 0.22836422025165365
697.4000000000354 0.2246496520448462
697.5000000000355 0.2209794272037032
697.6000000000355 0.21735512770378626
697.7000000000355 0.2137767723457642
697.8000000000355 0.210245162039989
697.9000000000356 0.20676109811461724
698.0000000000356 0.20332459999700195
698.1000000000356 0.19993504348852315
698.2000000000356 0.19659316642045194
698.3000000000357 0.1933013344306367
698.4000000000357 0.1900572180957677
698.5000000000357 0.1868616180333041
698.6000000000357 0.18371533524393108
698.7000000000357 0.18061760513310984
698.8000000000358 0.1775684458081048
698.9000000000358 0.17456787537619042
699.0000000000358 0.17161591194463036
699.1000000000358 0.16871093298538517
699.2000000000359 0.165853086250078
699.3000000000359 0.1630408207946638
699.4000000000359 0.16027336859899574
699.5000000000359 0.1575483938550084
699.600000000036 0.15486591111368614
699.700000000036 0.15222279935019495
699.800000000036 0.149618288075121
699.900000000036 0.14705160644630758
700.000000000036 0.14452041495180168
700.1000000000361 0.1420228551204889
700.2000000000361 0.13956006315370673
700.3000000000361 0.13713205014693935
700.4000000000361 0.13473804270840697
700.5000000000362 0.13238040539541354
700.6000000000362 0.13005758049327734
700.7000000000362 0.12777036383132498
700.8000000000362 0.1255179819355799
700.9000000000362 0.12330280059618545
701.0000000000363 0.12112247670710713
701.1000000000363 0.11897724822760912
701.2000000000363 0.11686851786960502
701.3000000000363 0.11479472557122092
701.4000000000364 0.11275745177881759
701.5000000000364 0.11075592148425213
701.6000000000364 0.1087901448064409
701.7000000000364 0.106859346370616
701.8000000000364 0.10496353607571575
701.9000000000365 0.10310350946101976
702.0000000000365 0.1012784909317813
702.1000000000365 0.09948784052689484
702.2000000000365 0.09773066935139145
702.3000000000366 0.09600620028388972
702.4000000000366 0.09431365593024325
702.5000000000366 0.09265225862352891
702.6000000000366 0.09102123042405409
702.7000000000367 0.0894182207373364
702.8000000000367 0.08784323692818667
702.9000000000367 0.0862955000340255
703.0000000000367 0.0847734444239084
703.1000000000367 0.0832733726111828
703.2000000000368 0.081798312580259
703.3000000000368 0.08034748171480395
703.4000000000368 0.07892088379407783
703.5000000000368 0.0775193091961089
703.6000000000369 0.07614118854324338
703.7000000000369 0.07478731217287438
703.8000000000369 0.07345689714357186
703.9000000000369 0.0721507338740059
704.000000000037 0.07086725253951154
704.100000000037 0.06960480086263138
704.200000000037 0.06836512536076832
704.300000000037 0.06714901400815827
704.400000000037 0.06595568112302048
704.5000000000371 0.06478434097146919
704.6000000000371 0.06363499464763028
704.7000000000371 0.06250764324562974
704.8000000000371 0.06140228785959198
704.9000000000372 0.06031814266445819
705.0000000000372 0.05925599564748842
705.1000000000372 0.058211664943074094
705.2000000000372 0.057187852266890396
705.3000000000372 0.05618455588387996
705.4000000000373 0.055199413529283134
705.5000000000373 0.054233210489232575
705.6000000000373 0.053283584765898215
705.7000000000373 0.052352108510893496
705.8000000000374 0.051435633172327314
705.9000000000374 0.0505349442142905
706.0000000000374 0.0496492535923535
706.1000000000374 0.04877656756672735
706.2000000000374 0.04791734641058182
706.3000000000375 0.04707237458236241
706.4000000000375 0.046242436373751854
706.5000000000375 0.04542595640572474
706.6000000000375 0.04462450547127611
706.7000000000376 0.0438372947760772
706.8000000000376 0.04306432206880377
706.9000000000376 0.04230637143268309
707.0000000000376 0.041563440491317334
707.1000000000377 0.04083619336810361
707.2000000000377 0.04012391064101052
707.3000000000377 0.03942501902464061
707.4000000000377 0.03874030405729532
707.5000000000377 0.03806897877387309
707.6000000000378 0.03741025626415036
707.7000000000378 0.03676413586960362
707.8000000000378 0.03612983074860509
707.9000000000378 0.035508126453175005
708.0000000000379 0.03489745001345851
708.1000000000379 0.034299038532794014
708.2000000000379 0.033711611315512216
708.3000000000379 0.033135168976899
708.400000000038 0.03256813970371413
708.500000000038 0.03201131025226009
708.600000000038 0.031464681193874314
708.700000000038 0.030926680583468345
708.800000000038 0.03039888145020706
708.9000000000381 0.029878925502891483
709.0000000000381 0.029368385785336532
709.1000000000381 0.028865863787621193
709.2000000000381 0.02837275307640178
709.3000000000382 0.027886695268411588
709.4000000000382 0.027410050025902445
709.5000000000382 0.02694124524839083
709.6000000000382 0.02648028151723353
709.7000000000382 0.02602794585159922
709.8000000000383 0.025583452433788803
709.9000000000383 0.025147588321729055
710.0000000000383 0.02471956765896355
710.1000000000383 0.02429958551892095
710.2000000000384 0.023888227928157757
710.3000000000384 0.0234847091609394
710.4000000000384 0.02308824338883803
710.5000000000384 0.022699617929362936
710.6000000000384 0.02231804690273773
710.7000000000385 0.021944317677819788
710.8000000000385 0.021577644323484396
710.9000000000385 0.021218027532924944
711.0000000000385 0.020864681246647906
711.1000000000386 0.020518231488370627
711.2000000000386 0.020178058876673823
711.3000000000386 0.019844950690365872
711.4000000000386 0.01951733379431016
711.5000000000387 0.019195995447829323
711.6000000000387 0.01888014924898618
711.7000000000387 0.018570582496075825
711.8000000000387 0.018266508748188356
711.9000000000387 0.017967928414531327
712.0000000000388 0.01767484190431092
712.1000000000388 0.017386322993631003
712.2000000000388 0.01710330323747794
712.3000000000388 0.016824995925262026
712.4000000000389 0.016550614293738154
712.5000000000389 0.016281732567106685
712.6000000000389 0.01601756399528527
712.7000000000389 0.015757321775534662
712.800000000039 0.01550100610531949
712.900000000039 0.01524940424813005
713.000000000039 0.015001729361733862
713.100000000039 0.014757952505372016
713.200000000039 0.014518103962696201
713.3000000000391 0.014282183907860183
713.4000000000391 0.01405019251501853
713.5000000000391 0.013822129958325007
713.6000000000391 0.013597996411933964
713.7000000000392 0.01337857921046072
713.8000000000392 0.013163091390818006
713.9000000000392 0.012951533127160656
714.0000000000392 0.01274469178893448
714.1000000000392 0.012541581300726865
714.2000000000393 0.012342407236884248
714.3000000000393 0.012147956776764963
714.4000000000393 0.011956655520932835
714.5000000000393 0.011768503458765792
714.6000000000394 0.011584287769622685
714.7000000000394 0.011403221251129986
714.8000000000394 0.01122609108087567
714.9000000000394 0.011051322870930875
715.0000000000394 0.010878916613329011
715.1000000000395 0.01070945709636386
715.2000000000395 0.010542365821502777
715.3000000000395 0.010377642646894409
715.4000000000395 0.010216074554082502
715.5000000000396 0.010056087138663742
