#Wavelength(nm)  Throughput(0-1)
300.0 0.00065
301.0 0.000299999999999999
302.0 5e-05
303.0 0.0
304.0 0.0
305.0 0.0
306.0 0.0
307.0 0.0
308.0 0.0
309.0 0.0
310.0 0.0
311.0 0.0
312.0 0.0
313.0 0.0
314.0 0.0
315.0 0.0
316.0 0.0
317.0 0.0
318.0 0.0
319.0 5e-05
320.0 0.00035
321.0 0.0014
322.0 0.0075
323.0 0.04545
324.0 0.19535
325.0 0.45325
326.0 0.658649999999999
327.0 0.7371
328.0 0.7522
329.0 0.75605
330.0 0.75975
331.0 0.76115
332.0 0.76205
333.0 0.76345
334.0 0.7603
335.0 0.76045
336.0 0.76385
337.0 0.76325
338.0 0.7638
339.0 0.76535
340.0 0.76245
341.0 0.7607
342.0 0.76175
343.0 0.7593
344.0 0.7566
345.0 0.7554
346.0 0.74805
347.0 0.7376
348.0 0.73725
349.0 0.74275
350.0 0.74395
351.0 0.74
352.0 0.73395
353.0 0.72465
354.0 0.71395
355.0 0.7068
356.0 0.7034
357.0 0.695999999999999
358.0 0.68465
359.0 0.6739
360.0 0.6633
361.0 0.64955
362.0 0.6341
363.0 0.6174
364.0 0.59665
365.0 0.57215
366.0 0.5495
367.0 0.53045
368.0 0.5102
369.0 0.4851
370.0 0.4569
371.0 0.4289
372.0 0.3996
373.0 0.3663
374.0 0.33055
375.0 0.29625
376.0 0.2652
377.0 0.23395
378.0 0.2006
379.0 0.1652
380.0 0.13595
381.0 0.11015
382.0 0.08695
383.0 0.06635
384.0 0.04895
385.0 0.03485
386.0 0.024
387.0 0.0158
388.0 0.0098
389.0 0.00585
390.0 0.00335
391.0 0.0018
392.0 0.0009
393.0 0.0004
394.0 0.000149999999999999
395.0 5e-05
396.0 0.0
397.0 0.0
398.0 0.0
399.0 0.0
400.0 0.0
401.0 0.0
402.0 0.0
403.0 0.0
404.0 0.0
405.0 0.0
406.0 0.0
407.0 0.0
408.0 0.0
409.0 0.0
410.0 0.0
411.0 0.0
412.0 0.0
413.0 0.0
414.0 0.0
415.0 0.0
416.0 0.0
417.0 0.0
418.0 0.0
419.0 0.0
420.0 0.0
421.0 0.0
422.0 0.0
423.0 0.0
424.0 0.0
425.0 0.0
426.0 0.0
427.0 0.0
428.0 0.0
429.0 0.0
430.0 0.0
431.0 0.0
432.0 0.0
433.0 0.0
434.0 0.0
435.0 0.0
436.0 0.0
437.0 0.0
438.0 0.0
439.0 0.0
440.0 0.0
441.0 0.0
442.0 0.0
443.0 0.0
444.0 0.0
445.0 0.0
446.0 0.0
447.0 0.0
448.0 0.0
449.0 0.0
450.0 0.0
451.0 0.0
452.0 0.0
453.0 0.0
454.0 0.0
455.0 0.0
456.0 0.0
457.0 0.0
458.0 0.0
459.0 0.0
460.0 0.0
461.0 0.0
462.0 0.0
463.0 0.0
464.0 0.0
465.0 0.0
466.0 0.0
467.0 0.0
468.0 0.0
469.0 0.0
470.0 0.0
471.0 0.0
472.0 0.0
473.0 0.0
474.0 0.0
475.0 0.0
476.0 0.0
477.0 0.0
478.0 0.0
479.0 0.0
480.0 0.0
481.0 0.0
482.0 0.0
483.0 0.0
484.0 0.0
485.0 0.0
486.0 0.0
487.0 0.0
488.0 0.0
489.0 0.0
490.0 0.0
491.0 0.0
492.0 0.0
493.0 0.0
494.0 0.0
495.0 0.0
496.0 0.0
497.0 0.0
498.0 0.0
499.0 0.0
500.0 0.0
501.0 0.0
502.0 0.0
503.0 0.0
504.0 0.0
505.0 0.0
506.0 0.0
507.0 0.0
508.0 0.0
509.0 0.0
510.0 0.0
511.0 0.0
512.0 0.0
513.0 0.0
514.0 0.0
515.0 0.0
516.0 0.0
517.0 0.0
518.0 0.0
519.0 0.0
520.0 0.0
521.0 0.0
522.0 0.0
523.0 0.0
524.0 0.0
525.0 0.0
526.0 0.0
527.0 0.0
528.0 0.0
529.0 0.0
530.0 0.0
531.0 0.0
532.0 0.0
533.0 0.0
534.0 0.0
535.0 0.0
536.0 0.0
537.0 0.0
538.0 0.0
539.0 0.0
540.0 0.0
541.0 0.0
542.0 0.0
543.0 0.0
544.0 0.0
545.0 0.0
546.0 0.0
547.0 0.0
548.0 0.0
549.0 0.0
550.0 0.0
551.0 0.0
552.0 0.0
553.0 0.0
554.0 0.0
555.0 0.0
556.0 0.0
557.0 0.0
558.0 0.0
559.0 0.0
560.0 0.0
561.0 0.0
562.0 0.0
563.0 0.0
564.0 0.0
565.0 0.0
566.0 0.0
567.0 0.0
568.0 0.0
569.0 0.0
570.0 0.0
571.0 0.0
572.0 0.0
573.0 0.0
574.0 0.0
575.0 0.0
576.0 0.0
577.0 0.0
578.0 0.0
579.0 0.0
580.0 0.0
581.0 0.0
582.0 0.0
583.0 0.0
584.0 0.0
585.0 0.0
586.0 0.0
587.0 0.0
588.0 0.0
589.0 0.0
590.0 0.0
591.0 0.0
592.0 0.0
593.0 0.0
594.0 0.0
595.0 0.0
596.0 0.0
597.0 0.0
598.0 0.0
599.0 0.0
600.0 0.0
601.0 0.0
602.0 0.0
603.0 0.0
604.0 0.0
605.0 0.0
606.0 0.0
607.0 0.0
608.0 0.0
609.0 0.0
610.0 0.0
611.0 0.0
612.0 0.0
613.0 0.0
614.0 0.0
615.0 0.0
616.0 0.0
617.0 0.0
618.0 0.0
619.0 0.0
620.0 0.0
621.0 0.0
622.0 0.0
623.0 0.0
624.0 0.0
625.0 0.0
626.0 0.0
627.0 0.0
628.0 0.0
629.0 0.0
630.0 0.0
631.0 0.0
632.0 0.0
633.0 0.0
634.0 0.0
635.0 0.0
636.0 0.0
637.0 0.0
638.0 0.0
639.0 0.0
640.0 0.0
641.0 0.0
642.0 0.0
643.0 0.0
644.0 0.0
645.0 0.0
646.0 0.0
647.0 0.0
648.0 0.0
649.0 0.0
650.0 0.0
651.0 0.0
652.0 0.0
653.0 0.0
654.0 0.0
655.0 0.0
656.0 0.0
657.0 0.0
658.0 0.0
659.0 0.0
660.0 0.0
661.0 0.0
662.0 0.0
663.0 0.0
664.0 0.0
665.0 0.0
666.0 0.0
667.0 0.0
668.0 0.0
669.0 0.0
670.0 0.0
671.0 0.0
672.0 0.0
673.0 0.0
674.0 0.0
675.0 0.0
676.0 0.0
677.0 0.0
678.0 0.0
679.0 0.0
680.0 0.0
681.0 0.0
682.0 0.0
683.0 0.0
684.0 0.0
685.0 0.0
686.0 0.0
687.0 0.0
688.0 0.0
689.0 0.0
690.0 0.0
691.0 0.0
692.0 0.0
693.0 0.0
694.0 0.0
695.0 0.0
696.0 0.0
697.0 0.0
698.0 0.0
699.0 0.0
700.0 0.0
701.0 0.0
702.0 0.0
703.0 0.0
704.0 0.0
705.0 0.0
706.0 0.0
707.0 0.0
708.0 0.0
709.0 0.0
710.0 0.0
711.0 0.0
712.0 0.0
713.0 0.0
714.0 0.0
715.0 0.0
716.0 0.0
717.0 0.0
718.0 0.0
719.0 0.0
720.0 0.0
721.0 0.0
722.0 0.0
723.0 0.0
724.0 0.0
725.0 0.0
726.0 0.0
727.0 0.0
728.0 0.0
729.0 0.0
730.0 0.0
731.0 0.0
732.0 0.0
733.0 0.0
734.0 0.0
735.0 0.0
736.0 0.0
737.0 0.0
738.0 0.0
739.0 0.0
740.0 0.0
741.0 0.0
742.0 0.0
743.0 0.0
744.0 0.0
745.0 0.0
746.0 0.0
747.0 0.0
748.0 0.0
749.0 0.0
750.0 0.0
751.0 0.0
752.0 0.0
753.0 0.0
754.0 0.0
755.0 0.0
756.0 0.0
757.0 0.0
758.0 0.0
759.0 0.0
760.0 0.0
761.0 0.0
762.0 0.0
763.0 0.0
764.0 0.0
765.0 0.0
766.0 0.0
767.0 0.0
768.0 0.0
769.0 0.0
770.0 0.0
771.0 0.0
772.0 0.0
773.0 0.0
774.0 0.0
775.0 0.0
776.0 0.0
777.0 0.0
778.0 0.0
779.0 0.0
780.0 0.0
781.0 0.0
782.0 0.0
783.0 0.0
784.0 0.0
785.0 0.0
786.0 0.0
787.0 0.0
788.0 0.0
789.0 0.0
790.0 0.0
791.0 0.0
792.0 0.0
793.0 0.0
794.0 0.0
795.0 0.0
796.0 0.0
797.0 0.0
798.0 0.0
799.0 0.0
800.0 0.0
801.0 0.0
802.0 0.0
803.0 0.0
804.0 0.0
805.0 0.0
806.0 0.0
807.0 0.0
808.0 0.0
809.0 0.0
810.0 0.0
811.0 0.0
812.0 0.0
813.0 0.0
814.0 0.0
815.0 0.0
816.0 0.0
817.0 0.0
818.0 0.0
819.0 0.0
820.0 0.0
821.0 0.0
822.0 5e-05
823.0 0.0
824.0 0.0
825.0 5e-05
826.0 5e-05
827.0 0.0
828.0 0.0
829.0 0.0
830.0 0.0
831.0 0.0
832.0 0.0
833.0 0.0
834.0 0.0
835.0 0.0
836.0 0.0
837.0 0.0
838.0 0.0
839.0 0.0
840.0 5e-05
841.0 5e-05
842.0 0.0
843.0 0.0
844.0 5e-05
845.0 5e-05
846.0 0.0
847.0 0.0
848.0 5e-05
849.0 5e-05
850.0 5e-05
851.0 0.0
852.0 0.0
853.0 0.0001
854.0 0.0001
855.0 5e-05
856.0 0.0
857.0 0.0
858.0 0.0
859.0 0.0
860.0 0.000149999999999999
870.0 0.0001
871.0 0.00025
872.0 0.0004
873.0 0.0001
874.0 0.00025
875.0 0.000149999999999999
876.0 0.00035
877.0 0.00025
878.0 0.0
879.0 0.00025
880.0 0.0001
881.0 0.0
882.0 0.0002
883.0 0.00035
884.0 0.0004
885.0 0.0002
886.0 0.000149999999999999
887.0 0.0005
888.0 0.000299999999999999
889.0 0.0002
890.0 0.00025
891.0 0.000149999999999999
892.0 0.0004
893.0 0.00045
894.0 0.00035
895.0 0.00025
896.0 0.000299999999999999
897.0 0.00025
898.0 5e-05
899.0 0.0002
900.0 0.0004
901.0 0.000299999999999999
902.0 0.000299999999999999
903.0 0.00035
904.0 0.00055
905.0 0.0005
906.0 0.00035
907.0 5e-05
908.0 0.000149999999999999
909.0 5e-05
910.0 0.00025
911.0 0.000149999999999999
912.0 0.0
913.0 0.00035
914.0 0.0005
915.0 0.0005
916.0 0.000299999999999999
917.0 0.000599999999999999
918.0 0.000149999999999999
919.0 0.0
920.0 5e-05
921.0 0.000149999999999999
922.0 0.00045
923.0 0.0004
924.0 0.00045
925.0 0.00025
926.0 0.00025
927.0 0.0002
928.0 0.00045
929.0 5e-05
930.0 0.0001
931.0 0.0004
932.0 0.00025
933.0 0.00035
934.0 0.00035
935.0 0.00025
936.0 0.000149999999999999
937.0 5e-05
938.0 0.0001
939.0 0.000149999999999999
940.0 0.0002
941.0 0.0002
942.0 0.0
943.0 0.00035
944.0 5e-05
945.0 0.0001
946.0 0.00035
947.0 0.0004
948.0 0.0004
949.0 0.00035
950.0 0.0001
951.0 0.0
952.0 0.0001
953.0 0.000299999999999999
954.0 0.00035
955.0 0.0005
956.0 0.0005
957.0 0.0005
958.0 0.000299999999999999
959.0 0.000299999999999999
960.0 0.0
961.0 0.000149999999999999
962.0 0.000299999999999999
963.0 0.0001
964.0 0.0002
965.0 0.000299999999999999
966.0 0.000149999999999999
967.0 0.0002
968.0 0.0004
969.0 0.0002
970.0 0.00035
971.0 0.0002
972.0 0.00035
973.0 0.0005
974.0 0.00035
975.0 0.0
976.0 0.000149999999999999
977.0 0.00025
978.0 0.0002
979.0 0.0004
980.0 0.00025
981.0 0.00025
982.0 0.0005
983.0 0.000149999999999999
984.0 0.0001
985.0 0.0002
986.0 0.0002
987.0 0.00055
988.0 0.000599999999999999
989.0 0.00055
990.0 0.0001
991.0 0.0
992.0 0.0
993.0 0.00035
994.0 0.0002
995.0 0.000299999999999999
996.0 0.00035
997.0 0.00025
998.0 0.000299999999999999
999.0 0.00035
1000.0 0.0004
1001.0 0.0
1002.0 0.00035
1003.0 0.00055
1004.0 0.0004
1005.0 0.0007
1006.0 0.0002
1007.0 0.0002
1008.0 0.0002
1009.0 0.0001
1010.0 0.0002
1011.0 0.00025
1012.0 0.0005
1013.0 0.00025
1014.0 0.0
1015.0 0.000299999999999999
1016.0 0.0002
1017.0 0.0001
1018.0 0.0
1019.0 0.000299999999999999
1020.0 0.000599999999999999
1021.0 0.00055
1022.0 0.000149999999999999
1023.0 0.0004
1024.0 0.00025
1025.0 0.0001
1026.0 0.000299999999999999
1027.0 0.000299999999999999
1028.0 0.000149999999999999
1029.0 0.0005
1030.0 0.00025
1031.0 0.000299999999999999
1032.0 0.00035
1033.0 0.00035
1034.0 5e-05
1035.0 0.0
1036.0 0.000299999999999999
1037.0 0.00035
1038.0 0.00035
1039.0 0.00035
1040.0 0.00055
1041.0 0.00045
1042.0 0.0001
1043.0 0.0002
1044.0 0.00055
1045.0 0.00075
1046.0 0.0005
1047.0 0.0
1048.0 0.0
1049.0 0.0004
1050.0 0.0004
1051.0 0.00025
1052.0 0.0
1053.0 5e-05
1054.0 0.000599999999999999
1055.0 0.00025
1056.0 0.00025
1057.0 0.0004
1058.0 0.000149999999999999
1059.0 0.000299999999999999
1060.0 0.000299999999999999
1061.0 0.0001
1062.0 0.0005
1063.0 0.00045
1064.0 0.0
1065.0 0.0
1066.0 0.0
1067.0 0.000299999999999999
1068.0 0.000299999999999999
1069.0 0.0005
1070.0 0.00055
1071.0 0.0005
1072.0 0.0005
1073.0 0.00045
1074.0 0.0001
1075.0 5e-05
1076.0 0.0
1077.0 0.0002
1078.0 0.00075
1079.0 0.00065
1080.0 0.00045
1081.0 0.0
1082.0 0.0
1083.0 0.0
1084.0 0.0007
1085.0 0.00035
1086.0 0.00045
1087.0 0.0005
1088.0 0.000299999999999999
1089.0 0.0002
1090.0 0.000149999999999999
1091.0 0.0007
1092.0 0.00055
1093.0 0.0002
1094.0 0.0005
1095.0 0.00025
1096.0 0.00035
1097.0 0.0002
1098.0 0.000599999999999999
1099.0 0.00035
1100.0 0.0002
1101.0 0.0001
1102.0 0.0007
1103.0 0.0005
1104.0 0.000299999999999999
1105.0 0.000149999999999999
1106.0 0.00035
1107.0 0.00065
1108.0 0.000299999999999999
1109.0 0.0002
1110.0 0.0
1111.0 0.000599999999999999
1112.0 0.0004
1113.0 0.00025
1114.0 0.0
1115.0 0.0
1116.0 5e-05
1117.0 0.00065
1118.0 0.00055
1119.0 0.00025
1120.0 0.0004
1121.0 0.00075
1122.0 0.00065
1123.0 0.00035
1124.0 0.0002
1125.0 0.0004
1126.0 0.000299999999999999
1127.0 0.0002
1128.0 0.00055
1129.0 0.0009
1130.0 0.00035
1131.0 0.0002
1132.0 0.000149999999999999
1133.0 0.000299999999999999
1134.0 0.00035
1135.0 0.0001
1136.0 0.00035
1137.0 0.0004
1138.0 0.000299999999999999
1139.0 0.000299999999999999
1140.0 0.000599999999999999
1141.0 0.00105
1142.0 0.00095
1143.0 0.00105
1144.0 0.00095
1145.0 0.0011
1146.0 0.00105
1147.0 0.00085
1148.0 0.000599999999999999
1149.0 0.0007
1150.0 0.00065
1151.0 0.00065
1152.0 0.000299999999999999
1153.0 0.0001
1154.0 0.0
1155.0 0.0
1156.0 0.0
1157.0 0.0
1158.0 0.0
1159.0 0.0
