# Wavelength(nm)  Throughput(0-1)
673.3 0.010092830775964678
673.4 0.010328897624304868
673.5 0.010570417928299594
673.6 0.010817394050530345
673.7 0.011069828353578615
673.8000000000001 0.011327723200026186
673.9000000000001 0.01159262037485285
674.0000000000001 0.01186298326825702
674.1000000000001 0.012139391000698987
674.2000000000002 0.012422800530798883
674.3000000000002 0.01271244444089726
674.4000000000002 0.013008325137036992
674.5000000000002 0.013310445025261955
674.6000000000003 0.013619576936829898
674.7000000000003 0.013935723578539803
674.8000000000003 0.014258117031473184
674.9000000000003 0.01458675970167285
675.0000000000003 0.014923195647625639
675.1000000000004 0.015265637415531186
675.2000000000004 0.015615866723831742
675.3000000000004 0.015973115114128016
675.4000000000004 0.016337384954240957
675.5000000000005 0.016709449876699697
675.6000000000005 0.017089312512417302
675.7000000000005 0.017476975492306833
675.8000000000005 0.017873212975080106
675.9000000000005 0.018278027854740576
676.0000000000006 0.01869065132210058
676.1000000000006 0.01911248493062834
676.2000000000006 0.01954289813397761
676.3000000000006 0.019982665582142595
676.4000000000007 0.020431790221923506
676.5000000000007 0.02089027500012207
676.6000000000007 0.021358895057865507
676.7000000000007 0.021837653587521814
676.8000000000008 0.022327326139496728
676.9000000000008 0.022827143711831102
677.0000000000008 0.023337882018641853
677.1000000000008 0.023859794885882912
677.2000000000008 0.024393419189177385
677.3000000000009 0.024937986185243885
677.4000000000009 0.025494272534149827
677.5000000000009 0.02606228228425262
677.6000000000009 0.026642019483909075
677.700000000001 0.027233488181475994
677.800000000001 0.02783669242531088
677.900000000001 0.02845240959518889
678.000000000001 0.029080644009357972
678.100000000001 0.029722020953334503
678.2000000000011 0.030375177294813642
678.3000000000011 0.031041665288907318
678.4000000000011 0.031720716502077896
678.5000000000011 0.03241233602829766
678.6000000000012 0.033117303019667775
678.7000000000012 0.03383484872427891
678.8000000000012 0.03456575250648189
678.9000000000012 0.03531001977861978
679.0000000000013 0.036067655953038166
679.1000000000013 0.036839284803935
679.2000000000013 0.03762509426269467
679.3000000000013 0.03842431592213729
679.4000000000013 0.03923928073510613
679.5000000000014 0.04006999584918616
679.6000000000014 0.04091569321457577
679.7000000000014 0.04177870557101607
679.8000000000014 0.042657489909573576
679.9000000000015 0.043554380042125036
680.0000000000015 0.044469384188392996
680.1000000000015 0.04539607773969499
680.2000000000015 0.04634063420427012
680.3000000000015 0.04730382991903117
680.4000000000016 0.04828488983627061
680.5000000000016 0.049284590311318446
680.6000000000016 0.050302932007195086
680.7000000000016 0.05133913984856934
680.8000000000017 0.05239399021839719
680.9000000000017 0.053467483779696644
681.0000000000017 0.054559621195489294
681.1000000000017 0.055670403128795544
681.2000000000018 0.0567998302426358
681.3000000000018 0.05794712740642847
681.4000000000018 0.05911307105837745
681.5000000000018 0.060297661861504384
681.6000000000018 0.061499348836371384
681.7000000000019 0.06271890842118495
681.8000000000019 0.06395634125134102
681.9000000000019 0.06521087211337637
682.0000000000019 0.06648327747312466
682.100000000002 0.06777278209870825
682.200000000002 0.06908016247437675
682.300000000002 0.07040697100690517
682.400000000002 0.07175398428183485
682.500000000002 0.07312197892154614
682.6000000000021 0.07451173158525233
682.7000000000021 0.07592479489152512
682.8000000000021 0.07736194560087424
682.9000000000021 0.07882318456969782
683.0000000000022 0.08031084050484819
683.1000000000022 0.08182491434560424
683.2000000000022 0.0833646310626779
683.3000000000022 0.08493076754549958
683.4000000000023 0.08652099677239188
683.5000000000023 0.08813454360356501
683.6000000000023 0.08977218487319596
683.7000000000023 0.0914315933938558
683.8000000000023 0.09311354596288893
683.9000000000024 0.09481649131538647
684.0000000000024 0.09653965415501232
684.1000000000024 0.0982830352000386
684.2000000000024 0.10004508304743105
684.3000000000025 0.10182812656979752
684.4000000000025 0.10363061435489107
684.5000000000025 0.10545332318163896
684.6000000000025 0.10729547767082571
684.7000000000025 0.10915785461979385
684.8000000000026 0.11104123086272251
684.9000000000026 0.11294405489527838
685.0000000000026 0.114867879676754
685.1000000000026 0.1168119298095167
685.2000000000027 0.11877698216457792
685.3000000000027 0.1207630374878379
685.4000000000027 0.12277087269634668
685.5000000000027 0.12480126474399546
685.6000000000028 0.12685343824236017
685.7000000000028 0.12892894636252947
685.8000000000028 0.1310270137252903
685.9000000000028 0.13314996978338642
686.0000000000028 0.13529626296803093
686.1000000000029 0.13746744657923315
686.2000000000029 0.1396627452561947
686.3000000000029 0.14188138360128538
686.4000000000029 0.1441241387065184
686.500000000003 0.1463902351558462
686.600000000003 0.14867889749638435
686.700000000003 0.15099090282015107
686.800000000003 0.1533246993557701
686.900000000003 0.1556810641860457
687.0000000000031 0.15805844547514133
687.1000000000031 0.16045762029665803
687.2000000000031 0.16287781308720783
687.3000000000031 0.16531980093881185
687.4000000000032 0.1677828082696594
687.5000000000032 0.17026683582565116
687.6000000000032 0.17277188435268515
687.7000000000032 0.17529795459665926
687.8000000000033 0.17784427091131103
687.9000000000033 0.18041161041627873
688.0000000000033 0.1829999738574632
688.1000000000033 0.18560858556097315
688.2000000000033 0.18823744624508074
688.3000000000034 0.190886556628061
688.4000000000034 0.19355514098076498
688.5000000000034 0.19624319999384188
688.6000000000034 0.19894995789210562
688.7000000000035 0.20167619181361762
688.8000000000035 0.20442112596477768
688.9000000000035 0.2071847610085999
689.0000000000035 0.20996632110544103
689.1000000000035 0.2127658068906956
689.2000000000036 0.2155824424786742
689.3000000000036 0.21841700500744138
689.4000000000036 0.22126871857288388
689.5000000000036 0.2241368072340639
689.6000000000037 0.22702204812904264
689.7000000000037 0.22992366529846184
689.8000000000037 0.23284165932246753
689.9000000000037 0.23577525419565168
690.0000000000038 0.23872522706528745
690.1000000000038 0.24169002530359462
690.2000000000038 0.2446696494354643
690.3000000000038 0.24766177011865456
690.4000000000038 0.25066716442675957
690.5000000000039 0.25368272626623806
690.6000000000039 0.256708455996226
690.7000000000039 0.25974280065743294
690.8000000000039 0.2627857605537465
690.900000000004 0.2658342292785223
691.000000000004 0.2688889837119836
691.100000000004 0.27194769398699414
691.200000000004 0.2750111369469395
691.300000000004 0.2780769826141832
691.4000000000041 0.28114678451894315
691.5000000000041 0.2842189893335876
691.6000000000041 0.2872928203989032
691.7000000000041 0.29036905452144124
691.8000000000042 0.29344691502357445
691.9000000000042 0.2965248484211145
692.0000000000042 0.29960363149298985
692.1000000000042 0.3026824874786927
692.2000000000043 0.3057621931755655
692.3000000000043 0.30884430222433995
692.4000000000043 0.3119295915236464
692.5000000000043 0.3150180611839917
692.6000000000043 0.3181120418184104
692.7000000000044 0.321212310463669
692.8000000000044 0.324319644193372
692.9000000000044 0.327434820117948
693.0000000000044 0.33055861538467235
693.1000000000045 0.33373639601282257
693.2000000000045 0.3369228436942364
693.3000000000045 0.3401171845605384
693.4000000000045 0.34331631235097015
693.5000000000045 0.34652022873366434
693.6000000000046 0.34972660276196066
693.7000000000046 0.3529331021546957
693.8000000000046 0.35613894881756675
693.9000000000046 0.35934180846764807
694.0000000000047 0.36254012347061887
694.1000000000047 0.3657306045696929
694.2000000000047 0.3689149498391708
694.3000000000047 0.3720923780701639
694.4000000000048 0.3752621076236674
694.5000000000048 0.3784256919927707
694.6000000000048 0.381581571017746
694.7000000000048 0.38472974115021935
694.8000000000048 0.387869419998511
694.9000000000049 0.39100216159333234
695.0000000000049 0.3941256255338054
695.1000000000049 0.397242924896826
695.2000000000049 0.40035096259697533
695.300000000005 0.4034520724918164
695.400000000005 0.40654469226241624
695.500000000005 0.4096303771503125
695.600000000005 0.4127083441161098
695.700000000005 0.4157801491754321
695.8000000000051 0.41884500939947195
695.9000000000051 0.4219029214706948
696.0000000000051 0.4249554423999865
696.1000000000051 0.42800201169241836
696.2000000000052 0.43104162663863277
696.3000000000052 0.43407350341176637
696.4000000000052 0.4370976383491499
696.5000000000052 0.44011168563066383
696.6000000000053 0.44311642142488167
696.7000000000053 0.4461094985798031
696.8000000000053 0.4490909117679229
696.9000000000053 0.45205909333550054
697.0000000000053 0.45501403728909207
697.1000000000054 0.45795034096245474
697.2000000000054 0.4608717837142813
697.3000000000054 0.4637775776902384
697.4000000000054 0.4666669346181908
697.5000000000055 0.4695398476045632
697.6000000000055 0.47239474595419434
697.7000000000055 0.47523162214681686
697.8000000000055 0.47805046866216644
697.9000000000055 0.48084971355169775
698.0000000000056 0.48362934866845747
698.1000000000056 0.48638321087892766
698.2000000000056 0.48911817024382503
698.3000000000056 0.4918334369717281
698.4000000000057 0.49453135169520995
698.5000000000057 0.49721190780368396
698.6000000000057 0.49987588157997837
698.7000000000057 0.5025240496901439
698.8000000000058 0.5051579722684858
698.9000000000058 0.5077768606732417
699.0000000000058 0.5103830589859968
699.1000000000058 0.5129715739108364
699.2000000000058 0.5155465565508891
699.3000000000059 0.5181072186028135
699.4000000000059 0.5206535550398997
699.5000000000059 0.5231839934002874
699.6000000000059 0.5256985281281459
699.700000000006 0.5281963697736891
699.800000000006 0.53067594455224
699.900000000006 0.5331380301846026
700.000000000006 0.5355802681102669
700.100000000006 0.5379993203074999
700.2000000000061 0.5403992597020041
700.3000000000061 0.5427800801296226
700.4000000000061 0.5451433444007376
700.5000000000061 0.5474898314137877
700.6000000000062 0.5498187510926611
700.7000000000062 0.5521324519678511
700.8000000000062 0.5544309291080326
700.9000000000062 0.5567149624800904
701.0000000000063 0.5589845473992657
701.1000000000063 0.561234127871025
701.2000000000063 0.5634707716588608
701.3000000000063 0.5656921194220277
701.4000000000063 0.5678989520347002
701.5000000000064 0.5700904799702942
701.6000000000064 0.5722659134089216
701.7000000000064 0.5744252477310771
701.8000000000064 0.5765676927502469
701.9000000000065 0.5786924579866092
702.0000000000065 0.5807995383807075
702.1000000000065 0.5828843356535616
702.2000000000065 0.5849514114772073
702.3000000000065 0.5870007611463498
702.4000000000066 0.5890323799556876
702.5000000000066 0.5910478353091752
702.6000000000066 0.5930463367878542
702.7000000000066 0.5950294522730263
702.8000000000067 0.5969963914139276
702.9000000000067 0.5989479362418089
703.0000000000067 0.6008848690606963
703.1000000000067 0.6027860652648835
703.2000000000068 0.604671725202187
703.3000000000068 0.6065418464343786
703.4000000000068 0.6083948534069501
703.5000000000068 0.6102315300366247
703.6000000000068 0.6120495138450267
703.7000000000069 0.6138503752663772
703.8000000000069 0.6156317514565678
703.9000000000069 0.6173928526064842
704.0000000000069 0.619134462348388
704.100000000007 0.6208332169224493
704.200000000007 0.6225123567008699
704.300000000007 0.6241718807067537
704.400000000007 0.6258117879631986
704.500000000007 0.6274336512274815
704.6000000000071 0.6290374696008562
704.7000000000071 0.6306248159708505
704.8000000000071 0.6321956895168721
704.9000000000071 0.6337508763375104
705.0000000000072 0.635290375651247
705.1000000000072 0.6367872195184181
705.2000000000072 0.638269813765996
705.3000000000072 0.6397389464606541
705.4000000000073 0.6411946187368487
705.5000000000073 0.6426368317290405
705.6000000000073 0.6440663733704365
705.7000000000073 0.6454840315052657
705.8000000000073 0.6468890203802644
705.9000000000074 0.648282914527185
706.0000000000074 0.649664928170518
706.1000000000074 0.651020542090284
706.2000000000074 0.6523634226512187
706.3000000000075 0.6536951450238933
706.4000000000075 0.6550133513303179
706.5000000000075 0.6563172571954302
706.6000000000075 0.6576076513301765
706.7000000000075 0.6588821766070119
706.8000000000076 0.6601408355274082
706.9000000000076 0.6613836305928333
707.0000000000076 0.6626089917190445
707.1000000000076 0.6638397515606441
707.2000000000077 0.6650539564756484
707.3000000000077 0.66625160732837
707.4000000000077 0.6674319187451369
707.5000000000077 0.6685972503042064
707.6000000000078 0.6697476027875745
707.7000000000078 0.670882976977238
707.8000000000078 0.6720041598382985
707.9000000000078 0.6731119382809777
708.0000000000078 0.6742070991606254
708.1000000000079 0.675314011817103
708.2000000000079 0.6764091724838466
708.3000000000079 0.6774941529008505
708.4000000000079 0.678568952496775
708.500000000008 0.6796351431581118
708.600000000008 0.6806935106449856
708.700000000008 0.6817456270343327
708.800000000008 0.6827914919745621
708.900000000008 0.6838326776891053
709.0000000000081 0.6848691839142689
709.1000000000081 0.6859067079918625
709.2000000000081 0.6869403506715709
709.3000000000081 0.6879685389421195
709.4000000000082 0.6889912723965568
709.5000000000082 0.6900069778298229
709.6000000000082 0.6910148683002626
709.7000000000082 0.6920141567887068
709.8000000000083 0.6930032697412819
709.9000000000083 0.6939814199256521
710.0000000000083 0.6949478200319719
710.1000000000083 0.6959072526626787
710.2000000000083 0.6968541616916643
710.3000000000084 0.697786972740647
710.4000000000084 0.6987056844232397
710.5000000000084 0.6996110819773742
710.6000000000084 0.7005008041437131
710.7000000000085 0.7013764227331574
710.8000000000085 0.702235576255306
710.9000000000085 0.7030798365467323
711.0000000000085 0.7039076286386564
711.1000000000085 0.7047134085170341
711.2000000000086 0.7055034916122671
711.3000000000086 0.7062794503774831
711.4000000000086 0.7070420705910647
711.5000000000086 0.7077929249594582
711.6000000000087 0.7085320126057919
711.7000000000087 0.7092616933204601
711.8000000000087 0.7099819664019662
711.9000000000087 0.7106944050049329
712.0000000000088 0.7114005824398733
712.1000000000088 0.7120955648712946
712.2000000000088 0.7127842743649493
712.3000000000088 0.7134682845789748
712.4000000000088 0.7141475952764117
712.5000000000089 0.7148222062203035
712.6000000000089 0.7154921171736924
712.7000000000089 0.7161573278996213
712.8000000000089 0.7168194122668555
712.900000000009 0.7174767959853708
713.000000000009 0.7181310529765906
713.100000000009 0.718779976825055
713.200000000009 0.719424983993323
713.300000000009 0.7200660743072409
713.4000000000091 0.7207016733413912
713.5000000000091 0.7213309937147179
713.6000000000091 0.7219548222974258
713.7000000000091 0.7225715845247757
713.8000000000092 0.7231820672553628
713.9000000000092 0.7237839086594926
714.0000000000092 0.7243771083540252
714.1000000000092 0.7249501585343874
714.2000000000093 0.7255145482954111
714.3000000000093 0.7260702776663078
714.4000000000093 0.7266173466762875
714.5000000000093 0.7271557553545615
714.6000000000093 0.7276855037303407
714.7000000000094 0.7282065918328362
714.8000000000094 0.7287198068794709
714.9000000000094 0.7292251488967987
715.0000000000094 0.7297218307249338
715.1000000000095 0.7301968401841221
715.2000000000095 0.730664745642017
715.3000000000095 0.7311255475241734
715.4000000000095 0.7315800333795407
715.5000000000095 0.732029777801659
715.6000000000096 0.7324747810742311
715.7000000000096 0.7329150434809604
715.8000000000096 0.7333521394262514
715.9000000000096 0.7337868561438282
716.0000000000097 0.7342191937755425
716.1000000000097 0.7346497526120029
716.2000000000097 0.7350787193862802
716.3000000000097 0.7355045202322561
716.4000000000098 0.7359287292714314
716.5000000000098 0.7363497727015339
716.6000000000098 0.7367676507141011
716.7000000000098 0.7371815765835725
716.8000000000098 0.7375915505493706
716.9000000000099 0.7379967859657416
717.0000000000099 0.7383980699892062
717.1000000000099 0.7388045555511473
717.2000000000099 0.7392055283551782
717.30000000001 0.7396017753521839
717.40000000001 0.7399917229217068
717.50000000001 0.7403769448656957
717.60000000001 0.7407558675818433
717.70000000001 0.7411284911790443
717.8000000000101 0.7414956025991094
717.9000000000101 0.7418564151089432
718.0000000000101 0.7422109288174418
718.1000000000101 0.7425653350606234
718.2000000000102 0.7429134484932837
718.3000000000102 0.7432560558967812
718.4000000000102 0.7435939440605656
718.5000000000102 0.7439263261142687
718.6000000000103 0.7442547756873649
718.7000000000103 0.744580079587511
718.8000000000103 0.7449006641103839
718.9000000000103 0.7452188897457107
719.0000000000103 0.745534756475286
719.1000000000104 0.7458547391545307
719.2000000000104 0.7461723682606068
719.3000000000104 0.7464868568431997
719.4000000000104 0.7467989916755488
719.5000000000105 0.7471087726779707
719.6000000000105 0.747415412873589
719.7000000000105 0.7477189121561592
719.8000000000105 0.7480192704194364
719.9000000000106 0.7483157006334211
720.0000000000106 0.7486089895979162
720.1000000000106 0.7489048138632599
720.2000000000106 0.7491967144801271
720.3000000000106 0.749486265172922
720.4000000000107 0.7497718918104525
720.5000000000107 0.7500551681797051
720.6000000000107 0.7503353071133873
720.7000000000107 0.7506130954658783
720.8000000000108 0.7508885330963673
720.9000000000108 0.7511624069374608
721.0000000000108 0.7514339298062213
721.1000000000108 0.7517035174358643
721.2000000000108 0.7519707535932889
721.3000000000109 0.7522356381411825
721.4000000000109 0.7524958094919552
721.5000000000109 0.7527520545363305
721.6000000000109 0.753002798684242
721.700000000011 0.7532480416152931
721.800000000011 0.7534869957979674
721.900000000011 0.7537180864133429
722.000000000011 0.7539413130037101
722.100000000011 0.7541520978568093
722.2000000000111 0.7543550158082717
722.3000000000111 0.7545508537946147
722.4000000000111 0.7547396115107218
722.5000000000111 0.7549236505458871
722.6000000000112 0.7551021833872619
722.7000000000112 0.7552759971182721
722.8000000000112 0.7554474535316233
722.9000000000112 0.7556149778389305
723.0000000000113 0.7557817192892444
723.1000000000113 0.7559363912952701
723.2000000000113 0.7560894887336601
723.3000000000113 0.7562402242464882
723.4000000000113 0.7563885978304685
723.5000000000114 0.7565338221258503
723.6000000000114 0.7566758971282526
723.7000000000114 0.7568140354760986
723.8000000000114 0.7569482371639129
723.9000000000115 0.7570777148282932
724.0000000000115 0.7572024684626688
724.1000000000115 0.7573258068280186
724.2000000000115 0.757443635016943
724.3000000000116 0.7575575276766691
724.4000000000116 0.7576666973610566
724.5000000000116 0.7577727187496984
724.6000000000116 0.7578763791731433
724.7000000000116 0.7579768911991223
724.8000000000117 0.7580758295627117
724.9000000000117 0.7581739816360734
725.0000000000117 0.7582705600008111
725.1000000000117 0.7583829349836771
725.2000000000118 0.7584961023327549
725.3000000000118 0.7586100621111166
725.4000000000118 0.758725601870458
725.5000000000118 0.7588435092465717
725.6000000000118 0.7589653594900185
725.7000000000119 0.7590903653644637
725.8000000000119 0.7592201022676368
725.9000000000119 0.7593553581717154
726.0000000000119 0.759496921132976
726.100000000012 0.7596653091539192
726.200000000012 0.759838437075466
726.300000000012 0.7600155179173129
726.400000000012 0.7601949767460054
726.500000000012 0.7603760261159659
726.6000000000121 0.760556302675318
726.7000000000121 0.7607350183863172
726.8000000000121 0.760909809135731
726.9000000000121 0.7610798862936481
727.0000000000122 0.7612444610609702
727.1000000000122 0.7614255388757679
727.2000000000122 0.7615995429869636
727.3000000000122 0.7617672598117714
727.4000000000123 0.7619271111139959
727.5000000000123 0.7620814599940381
727.6000000000123 0.7622287281481813
727.7000000000123 0.7623712792845254
727.8000000000123 0.7625075350318308
727.9000000000124 0.7626382824150103
728.0000000000124 0.7627643087290632
728.1000000000124 0.762868721843196
728.2000000000124 0.7629691980001377
728.3000000000125 0.7630665253121596
728.4000000000125 0.7631614920917638
728.5000000000125 0.7632540978884301
728.6000000000125 0.763346709291575
728.7000000000126 0.7634385372378281
728.8000000000126 0.7635311598038721
728.9000000000126 0.7636253663033662
729.0000000000126 0.7637219462501991
729.1000000000126 0.7638042086903518
729.2000000000127 0.763888053888572
729.3000000000127 0.7639734820417214
729.4000000000127 0.7640589146570921
729.5000000000127 0.764142772979492
729.6000000000128 0.7642250568120585
729.7000000000128 0.7643041870714952
729.8000000000128 0.7643793738880493
729.9000000000128 0.7644490377518884
730.0000000000128 0.7645131779739937
730.1000000000129 0.7645738008834563
730.2000000000129 0.7646281092446586
730.3000000000129 0.7646784711470672
730.4000000000129 0.7647256757396471
730.500000000013 0.7647705123141572
730.600000000013 0.7648153498168282
730.700000000013 0.7648609780391984
730.800000000013 0.7649089767428351
730.900000000013 0.7649609259748947
731.0000000000131 0.7650168262708529
731.1000000000131 0.7650664868917844
731.2000000000131 0.7651208887683217
731.3000000000131 0.7651816122432354
731.4000000000132 0.7652462878933783
731.5000000000132 0.7653157060719705
731.6000000000132 0.7653890771531309
731.7000000000132 0.765465611420061
731.8000000000133 0.7655453091455128
731.9000000000133 0.7656265903958444
732.0000000000133 0.7657110355592838
732.1000000000133 0.7657912694734464
732.2000000000133 0.7658722962605243
732.3000000000134 0.7659541159707672
732.4000000000134 0.7660359384614985
732.5000000000134 0.7661177637327181
732.6000000000134 0.7661988015579996
732.7000000000135 0.7662782616439174
732.8000000000135 0.7663561438899716
732.9000000000135 0.7664324481956627
733.0000000000135 0.7665055938736389
733.1000000000136 0.766573518298714
733.2000000000136 0.7666390737445856
733.3000000000136 0.7667030504169376
733.4000000000136 0.7667646578761079
733.5000000000136 0.7668246863570277
733.6000000000137 0.7668839261531231
733.7000000000137 0.7669431676163143
733.8000000000137 0.7670016203361868
733.9000000000137 0.7670616555439854
734.0000000000138 0.7671216924481269
734.1000000000138 0.7671767737016613
734.2000000000138 0.7672334368125172
734.3000000000138 0.7672916818280174
734.4000000000138 0.7673515087954836
734.5000000000139 0.767412917762239
734.6000000000139 0.7674766992625902
734.7000000000139 0.7675420628726494
734.8000000000139 0.7676097991424977
734.900000000014 0.7676799081431187
735.000000000014 0.7677515994269632
735.100000000014 0.767826125192752
735.200000000014 0.7679030239691874
735.300000000014 0.7679815052879111
735.4000000000141 0.7680615691990963
735.5000000000141 0.768141634632228
735.6000000000141 0.7682232827247201
735.7000000000141 0.7683041417955382
735.8000000000142 0.7683850024050274
735.9000000000142 0.7684650739593931
736.0000000000142 0.7685443564335496
736.1000000000142 0.7686309233487715
736.2000000000143 0.7687159120662542
736.3000000000143 0.7688001131357141
736.4000000000143 0.7688827358326338
736.5000000000143 0.7689629893625763
736.6000000000143 0.7690432456893315
736.7000000000144 0.7691211326393482
736.8000000000144 0.7691974407973033
736.9000000000144 0.7692729608177932
737.0000000000144 0.7693469018714204
737.1000000000145 0.7694218026422682
737.2000000000145 0.7694951245913596
737.3000000000145 0.7695676584353839
737.4000000000145 0.7696378223994425
737.5000000000146 0.7697056163027315
737.6000000000146 0.769772621759433
737.7000000000146 0.76983646595653
737.8000000000146 0.7698987305282945
737.9000000000146 0.7699594153541899
738.0000000000147 0.7700169383579757
738.1000000000147 0.7700596698615707
738.2000000000147 0.7701016110324823
738.3000000000147 0.7701427618487163
738.4000000000148 0.7701831222882783
738.5000000000148 0.7702258563872083
738.6000000000148 0.7702701731896497
738.7000000000148 0.7703168637687628
738.8000000000148 0.7703675102635368
738.9000000000149 0.7704229038277777
739.0000000000149 0.7704838356446155
739.1000000000149 0.7705357549121706
739.2000000000149 0.7705932101403544
739.300000000015 0.770655410126462
739.400000000015 0.7707231457364433
739.500000000015 0.7707948347753589
739.600000000015 0.7708696861162735
739.700000000015 0.7709476996581602
739.8000000000151 0.771027293332363
739.9000000000151 0.7711092580637641
740.0000000000151 0.7711928028096146
740.1000000000151 0.7712609812886836
740.2000000000152 0.771329945077717
740.3000000000152 0.7713981123152864
740.4000000000152 0.7714654830739175
740.5000000000152 0.771532057426136
740.6000000000153 0.7715962538006165
740.7000000000153 0.7716580724149364
740.8000000000153 0.7717175134866734
740.9000000000153 0.771774577233404
741.0000000000153 0.7718268916970309
741.1000000000154 0.7718618933821125
741.2000000000154 0.7718929347132597
741.3000000000154 0.7719231787073673
741.4000000000154 0.7719518349098696
741.5000000000155 0.7719804846165538
741.6000000000155 0.7720099183206507
741.7000000000155 0.7720417168152947
741.8000000000155 0.7720766701683954
741.9000000000156 0.7721163586704337
742.0000000000156 0.7721607816254404
742.1000000000156 0.7722786408127519
742.2000000000156 0.7724012491182162
742.3000000000156 0.7725293975110014
742.4000000000157 0.7726607152456585
742.5000000000157 0.7727952026825303
742.6000000000157 0.7729320696632197
742.7000000000157 0.7730697353604462
742.8000000000158 0.7732081998642957
742.9000000000158 0.773345882047202
743.0000000000158 0.7734819911802224
743.1000000000158 0.7735970768037106
743.2000000000158 0.773709793149519
743.3000000000159 0.7738201401263023
743.4000000000159 0.7739289083221661
743.5000000000159 0.7740345162970097
743.6000000000159 0.7741385453285413
743.700000000016 0.7742402046459625
743.800000000016 0.7743394941579276
743.900000000016 0.7744356230428899
744.000000000016 0.7745301726597551
744.100000000016 0.7746233843741945
744.2000000000161 0.7747134353678787
744.3000000000161 0.7748019070542874
744.4000000000161 0.7748872177958764
744.5000000000161 0.7749709490509384
744.6000000000162 0.7750515191371166
744.7000000000162 0.7751305095575161
744.8000000000162 0.7752063385849672
744.9000000000162 0.77527979692621
745.0000000000163 0.7753516753327939
745.1000000000163 0.7754021713794406
745.2000000000163 0.7754502937064036
745.3000000000163 0.7754976240430073
745.4000000000163 0.7755433715941781
745.5000000000164 0.7755891180319322
745.6000000000164 0.7756340725530093
745.7000000000164 0.7756806075671909
745.8000000000164 0.7757271414515826
745.9000000000165 0.7757752557635839
746.0000000000165 0.7758249504540716
746.1000000000165 0.7758656157728283
746.2000000000165 0.775907859542864
746.3000000000166 0.775951681645343
746.4000000000166 0.7759962912701395
746.5000000000166 0.7760416883578353
746.6000000000166 0.7760870821973358
746.7000000000166 0.7761324727886407
746.8000000000167 0.7761770695196857
746.9000000000167 0.7762208724498886
747.0000000000167 0.7762630910662145
747.1000000000167 0.7762985394803503
747.2000000000168 0.7763324030366658
747.3000000000168 0.776364681885685
747.4000000000168 0.7763953761779312
747.5000000000168 0.7764260669579601
747.6000000000168 0.7764551733819145
747.7000000000169 0.7764842763940006
747.8000000000169 0.7765125856224646
747.9000000000169 0.7765408914892349
748.0000000000169 0.7765699843158926
748.100000000017 0.7766045335211498
748.200000000017 0.7766390800701668
748.300000000017 0.7766728336999573
748.400000000017 0.7767050042256602
748.500000000017 0.7767363819883861
748.6000000000171 0.776765386637943
748.7000000000171 0.7767920183501116
748.8000000000171 0.776815487135342
748.9000000000171 0.7768357932280084
749.0000000000172 0.7768521467362178
749.1000000000172 0.7768689490315377
749.2000000000172 0.7768825898241803
749.3000000000172 0.776891489118137
749.4000000000173 0.7768964372391965
749.5000000000173 0.7768990145111526
749.6000000000173 0.7768984310215096
749.7000000000173 0.7768946869412853
749.8000000000173 0.7768885724537542
749.9000000000174 0.7768800876871793
750.0000000000174 0.7768700227535785
750.1000000000174 0.7768644128671006
750.2000000000174 0.7768564330293638
750.3000000000175 0.7768468732728078
750.4000000000175 0.7768357336461196
750.5000000000175 0.7768214343116258
750.6000000000175 0.7768047653017663
750.7000000000176 0.7767857266895717
750.8000000000176 0.7767643185480725
750.9000000000176 0.7767389611288549
751.0000000000176 0.7767112343588521
751.1000000000176 0.7766812636917884
751.2000000000177 0.7766481338884149
751.3000000000177 0.7766118450349363
751.4000000000177 0.7765739769653023
751.5000000000177 0.7765345297226155
751.6000000000178 0.7764942932094832
751.7000000000178 0.7764516877428126
751.8000000000178 0.7764098727678105
751.9000000000178 0.7763672685870162
752.0000000000178 0.7763246650527529
752.1000000000179 0.776287084586306
752.2000000000179 0.7762502941980731
752.3000000000179 0.7762135040572828
752.4000000000179 0.7761782938024596
752.500000000018 0.7761430837835702
752.600000000018 0.7761086638141224
752.700000000018 0.7760758236961147
752.800000000018 0.7760429837967773
752.900000000018 0.7760109339209864
753.0000000000181 0.7759804638621093
753.1000000000181 0.7759533826050673
753.2000000000181 0.7759255115622705
753.3000000000181 0.7758968507344147
753.4000000000182 0.7758658205200554
753.5000000000182 0.7758324209212806
753.6000000000182 0.7757942825383596
753.7000000000182 0.7757514053754694
753.8000000000183 0.7757029996366444
753.9000000000183 0.7756474857269374
754.0000000000183 0.7755832840532578
754.1000000000183 0.7755111844227097
754.2000000000183 0.7754311868422549
754.3000000000184 0.7753456607158014
754.4000000000184 0.7752553958469727
754.5000000000184 0.7751627616354996
754.6000000000184 0.7750685478817563
754.7000000000185 0.7749751239812972
754.8000000000185 0.7748832797312475
754.9000000000185 0.7747953845229841
755.0000000000185 0.7747122281503843
755.1000000000186 0.7746353902035213
755.2000000000186 0.7745640808799323
755.3000000000186 0.7744967205814213
755.4000000000186 0.7744340991009365
755.5000000000186 0.7743738470457089
755.6000000000187 0.7743151746176847
755.7000000000187 0.774257292019738
755.8000000000187 0.7741986196601706
755.9000000000187 0.7741399473349474
756.0000000000188 0.7740781158639204
756.1000000000188 0.774013915044679
756.2000000000188 0.7739457652901663
756.3000000000188 0.7738752461925448
756.4000000000188 0.7738015679597938
756.5000000000189 0.7737239408008217
756.6000000000189 0.773643154512754
756.7000000000189 0.7735592090983754
756.8000000000189 0.7734713147672897
756.900000000019 0.7733802613159266
757.000000000019 0.7732860487470707
757.100000000019 0.7731878872710227
757.200000000019 0.7730873564757679
757.300000000019 0.7729844563633945
757.4000000000191 0.7728799767277801
757.5000000000191 0.7727747073618728
757.6000000000191 0.7726686482663689
757.7000000000191 0.7725633790241491
757.8000000000192 0.7724596894253761
757.9000000000192 0.7723567896780311
758.0000000000192 0.7722570491526051
758.1000000000192 0.772160467846313
758.2000000000193 0.7720662559664383
758.3000000000193 0.771974413510893
758.4000000000193 0.7718857302670558
758.5000000000193 0.7717986266536708
758.6000000000193 0.7717131026693459
758.7000000000194 0.7716299481014599
758.8000000000194 0.7715475833708454
758.9000000000194 0.7714660084768067
759.0000000000194 0.7713860132067223
759.1000000000195 0.7713060179835137
759.2000000000195 0.7712268125947919
759.3000000000195 0.7711460276777229
759.4000000000195 0.7710644530208469
759.5000000000196 0.7709812988379444
759.6000000000196 0.7708957753437248
759.7000000000196 0.7708063029673752
759.8000000000196 0.7707136714985946
759.9000000000196 0.7706170911541813
760.0000000000197 0.7705149823661066
760.1000000000197 0.7704073451392442
760.2000000000197 0.7702957590490481
760.3000000000197 0.770179434313941
760.4000000000198 0.7700607402925792
760.5000000000198 0.7699396769870517
760.6000000000198 0.7698170341838092
760.7000000000198 0.7696936016683745
760.8000000000198 0.7695701692253419
760.9000000000199 0.7694483164220441
761.0000000000199 0.7693280432570889
761.1000000000199 0.7692101395122857
761.2000000000199 0.7690946051855458
761.30000000002 0.768981440274781
761.40000000002 0.7688698549953966
761.50000000002 0.7687598493460002
761.60000000002 0.7686506335431581
761.70000000002 0.7685429973679831
761.8000000000201 0.7684353612559279
761.9000000000201 0.7683277252069926
762.0000000000201 0.768220089221177
762.1000000000201 0.7681124532984812
762.2000000000202 0.7680048174389055
762.3000000000202 0.7678987612032845
762.4000000000202 0.7677950743704115
762.5000000000202 0.7676945467181512
762.6000000000203 0.7675979680234402
762.7000000000203 0.7675061280622869
762.8000000000203 0.7674206063890282
762.9000000000203 0.7673414029980952
763.0000000000203 0.7672700974415044
763.1000000000204 0.7672066897122937
763.2000000000204 0.7671503900251723
763.3000000000204 0.7671004085957777
763.4000000000204 0.7670543760849464
763.5000000000205 0.7670115027115643
763.6000000000205 0.7669694191406452
763.7000000000205 0.766928915148661
763.8000000000205 0.7668868316264734
763.9000000000206 0.7668423787987699
764.0000000000206 0.7667939771146947
764.1000000000206 0.766740836801488
764.2000000000206 0.766682957863327
764.3000000000206 0.7666203403043886
764.4000000000207 0.7665537739043944
764.5000000000207 0.7664824688915134
764.6000000000207 0.766408794595162
764.7000000000207 0.7663311714677332
764.8000000000208 0.7662503892873239
764.9000000000208 0.766166448056719
765.0000000000208 0.7660809273270064
765.1000000000208 0.765993037325659
765.2000000000209 0.7659035678284531
765.3000000000209 0.7658133086102368
765.4000000000209 0.7657230494449297
765.5000000000209 0.7656327903325322
765.6000000000209 0.7655441108185628
765.700000000021 0.7654562211291024
765.800000000021 0.7653714905803403
765.900000000021 0.7652891293974288
766.000000000021 0.7652099273501108
766.100000000021 0.7651346742072009
766.2000000000211 0.765064159736585
766.3000000000211 0.764997594162951
766.4000000000211 0.7649349774828182
766.5000000000211 0.7648770994633768
766.6000000000212 0.7648239601004493
766.7000000000212 0.7647747696196523
766.8000000000212 0.7647303177874792
766.9000000000212 0.7646898148300111
767.0000000000213 0.7646548402827875
767.1000000000213 0.7646238146023786
767.2000000000213 0.7645975275543495
767.3000000000213 0.7645751893657089
767.4000000000214 0.7645560102643939
767.5000000000214 0.764540780015969
767.6000000000214 0.7645271293125996
767.7000000000214 0.7645166376886651
767.8000000000214 0.7645077256060726
767.9000000000215 0.7645003930634297
768.0000000000215 0.764494640059344
768.1000000000215 0.7644896768254651
768.2000000000215 0.7644847135943709
768.3000000000216 0.7644797503660613
768.4000000000216 0.7644747871405361
768.5000000000216 0.7644682443857364
768.6000000000216 0.764461701634649
768.7000000000216 0.7644527895905774
768.8000000000217 0.7644422980209435
768.9000000000217 0.7644294371620383
769.0000000000217 0.7644134172510784
769.1000000000217 0.7643849487961447
769.2000000000218 0.7643533218566084
769.3000000000218 0.7643201160260834
769.4000000000218 0.7642853313684446
769.5000000000218 0.7642489679475674
769.6000000000219 0.7642126052293157
769.7000000000219 0.7641762432136894
769.8000000000219 0.7641406715803915
769.9000000000219 0.7641066799665411
770.0000000000219 0.7640734786498515
770.100000000022 0.7640363251853333
770.200000000022 0.7640031207344059
770.300000000022 0.7639738650393788
770.400000000022 0.7639501370219478
770.500000000022 0.7639335154663734
770.6000000000221 0.763923999908812
770.7000000000221 0.7639231689617304
770.8000000000221 0.7639326011001598
770.9000000000221 0.7639530851579002
771.0000000000222 0.7639861993866514
771.1000000000222 0.7640358367186643
771.2000000000222 0.7640957349559938
771.3000000000222 0.7641651041384059
771.4000000000223 0.7642415754903048
771.5000000000223 0.7643227803939675
771.6000000000223 0.7644071397972231
771.7000000000223 0.7644914959640997
771.8000000000224 0.7645742701318597
771.9000000000224 0.7646538836430119
772.0000000000224 0.764727179235202
772.1000000000224 0.7647955324422623
772.2000000000224 0.7648567794660104
772.3000000000225 0.7649109206013404
772.4000000000225 0.764960324077252
772.5000000000225 0.765004200789894
772.6000000000225 0.7650433402581531
772.7000000000226 0.7650793212358311
772.8000000000226 0.7651129331216728
772.9000000000226 0.7651441760139758
773.0000000000226 0.7651738392568733
773.1000000000226 0.7651927487247353
773.2000000000227 0.765212445276207
773.3000000000227 0.7652337180299359
773.4000000000227 0.7652581451808197
773.5000000000227 0.7652857264744792
773.6000000000228 0.7653180398938298
773.7000000000228 0.7653574523496482
773.8000000000228 0.7654031741933297
773.9000000000228 0.7654567830262201
774.0000000000229 0.7655206453139295
774.1000000000229 0.7655844582477391
774.2000000000229 0.7656577314652026
774.3000000000229 0.7657388859685434
774.4000000000229 0.7658255540981589
774.500000000023 0.7659177352030004
774.600000000023 0.7660138509363393
774.700000000023 0.7661115343826274
774.800000000023 0.7662099965700144
774.900000000023 0.7663076598958262
775.0000000000231 0.7664029470054075
775.1000000000231 0.766497445634137
775.2000000000231 0.7665887807432326
775.3000000000231 0.7666753753990636
775.4000000000232 0.7667580187252635
775.5000000000232 0.7668367111501917
775.6000000000232 0.7669098759972329
775.7000000000232 0.7669783023900211
775.8000000000233 0.7670412023472148
775.9000000000233 0.7670985764685176
776.0000000000233 0.7671504253536362
776.1000000000233 0.7672100704251462
776.2000000000234 0.7672657708311666
776.3000000000234 0.7673183151786515
776.4000000000234 0.7673684920183227
776.5000000000234 0.7674194549485756
776.6000000000234 0.767471203927237
776.7000000000235 0.767526103931691
776.8000000000235 0.7675857314448318
776.9000000000235 0.7676508745253531
777.0000000000235 0.7677231094733996
777.1000000000236 0.7678186187097731
777.2000000000236 0.7679227994663389
777.3000000000236 0.7680348634735549
777.4000000000236 0.7681540224581267
777.5000000000236 0.7682794881430094
777.6000000000237 0.7684120488540179
777.7000000000237 0.7685501280079866
777.8000000000237 0.7686929373194302
777.9000000000237 0.7688412651113491
778.0000000000238 0.7689935347893067
778.1000000000238 0.7690762131985227
778.2000000000238 0.7691612267581609
778.3000000000238 0.769248574798379
778.4000000000239 0.769336680630635
778.5000000000239 0.7694255440316478
778.6000000000239 0.7695135890571443
778.7000000000239 0.7696000281443353
778.8000000000239 0.7696840740281399
778.900000000024 0.7697657273783991
779.000000000024 0.7698426261765902
779.100000000024 0.7699202020900111
779.200000000024 0.7699938155330963
779.300000000024 0.770061892826593
779.4000000000241 0.7701260099914223
779.5000000000241 0.7701861680606733
779.6000000000241 0.7702423680674348
779.7000000000241 0.7702938239641158
779.8000000000242 0.770342111014039
779.9000000000242 0.7703872300436754
780.0000000000242 0.7704283950054297
780.1000000000242 0.7704511064928042
780.2000000000243 0.7704714352231739
780.3000000000243 0.7704901685775053
780.4000000000243 0.7705073070627029
780.5000000000243 0.7705236376373139
780.6000000000244 0.7705407332891074
780.7000000000244 0.7705585937646314
780.8000000000244 0.7705772188104344
780.9000000000244 0.7705989665141832
781.0000000000244 0.7706230498328447
781.1000000000245 0.770639117936599
781.2000000000245 0.77065908839256
781.3000000000245 0.7706806025380145
781.4000000000245 0.7707044454437738
781.5000000000246 0.7707298306972514
781.6000000000246 0.7707567577234005
781.7000000000246 0.7707828698721699
781.8000000000246 0.7708097379560708
781.9000000000246 0.7708357913542736
782.0000000000247 0.7708610303543028
782.1000000000247 0.7708894553318023
782.2000000000247 0.7709154983521178
782.3000000000247 0.7709383754360603
782.4000000000248 0.770958872382189
782.5000000000248 0.7709754207772824
782.6000000000248 0.7709880219858682
782.7000000000248 0.7709958929384424
782.8000000000249 0.7709990352724382
782.9000000000249 0.7709958821210986
783.0000000000249 0.7709872198288085
783.1000000000249 0.7710258519129684
783.2000000000249 0.7710582043619003
783.300000000025 0.7710866302060719
783.400000000025 0.7711119140078073
783.500000000025 0.7711348401835408
783.600000000025 0.7711569769461083
783.700000000025 0.7711791083107468
783.8000000000251 0.7712020181468029
783.9000000000251 0.7712272740106078
784.0000000000251 0.7712556593703167
784.1000000000251 0.7713122107554993
784.2000000000252 0.7713726789465023
784.3000000000252 0.7714347124831591
784.4000000000252 0.7714990950435991
784.5000000000252 0.771562691572314
784.6000000000253 0.7716247183793464
784.7000000000253 0.7716859592492699
784.8000000000253 0.771743279410427
784.9000000000253 0.7717966790402234
785.0000000000254 0.7718445909598043
785.1000000000254 0.7718832246001722
785.2000000000254 0.7719163705498295
785.3000000000254 0.7719455964001743
785.4000000000254 0.7719724696171983
785.5000000000255 0.7719985575414875
785.6000000000255 0.7720254273882207
785.7000000000255 0.7720530791103714
785.8000000000255 0.7720838633190856
785.9000000000256 0.7721193469003513
786.0000000000256 0.7721603130933747
786.1000000000256 0.772195019602445
786.2000000000256 0.7722359892868259
786.3000000000256 0.7722824380290702
786.4000000000257 0.7723320150095981
786.5000000000257 0.7723855032672459
786.6000000000257 0.7724405523230485
786.7000000000257 0.7724971620066985
786.8000000000258 0.7725537655592954
786.9000000000258 0.7726095797149262
787.0000000000258 0.7726638213212149
787.1000000000258 0.77270847234092
787.2000000000259 0.772749200467593
787.3000000000259 0.772783656826824
787.4000000000259 0.7728102760611225
787.5000000000259 0.7728274930923892
787.600000000026 0.7728337431219161
787.700000000026 0.7728266786373262
787.800000000026 0.7728047355034662
787.900000000026 0.7727671327877861
788.000000000026 0.7727107410325655
788.1000000000261 0.7726331161253355
788.2000000000261 0.7725382732113819
788.3000000000261 0.772429345863616
788.4000000000261 0.7723079015791496
788.5000000000261 0.7721778556596924
788.6000000000262 0.7720407746672836
788.7000000000262 0.7718997901176751
788.8000000000262 0.7717580329281725
788.9000000000262 0.7716170683143105
789.0000000000263 0.7714808087351782
789.1000000000263 0.7713486790421018
789.2000000000263 0.7712236005863955
789.3000000000263 0.7711040075251723
789.4000000000264 0.770989899044064
789.5000000000264 0.7708804920083403
789.6000000000264 0.7707757857199713
789.7000000000264 0.7706749972381239
789.8000000000264 0.7705789081851302
789.9000000000265 0.7704851713672268
790.0000000000265 0.7703945685618634
790.1000000000265 0.7703058704907073
790.2000000000265 0.7702195235853715
790.3000000000266 0.7701347454839923
790.4000000000266 0.7700499720121056
790.5000000000266 0.7699667670303114
790.6000000000266 0.7698827846300099
790.7000000000266 0.7697988067807343
790.8000000000267 0.7697140516698826
790.9000000000267 0.7696277376417856
791.0000000000267 0.7695390831977064
791.1000000000267 0.76945202914681
791.2000000000268 0.7693634164893559
791.3000000000268 0.769273245436723
791.4000000000268 0.7691822977935068
791.5000000000268 0.7690905736653967
791.6000000000269 0.7689996362035955
791.7000000000269 0.7689087038148872
791.8000000000269 0.7688193394038656
791.9000000000269 0.7687307613420855
792.000000000027 0.7686453136693707
792.100000000027 0.7685676180249614
792.200000000027 0.76849148871261
792.300000000027 0.7684177068465242
792.400000000027 0.7683439283704019
792.5000000000271 0.7682701532842428
792.6000000000271 0.7681963815880465
792.7000000000271 0.7681218321081313
792.8000000000271 0.7680449426458156
792.9000000000271 0.7679657134687286
793.0000000000272 0.7678841448444998
793.1000000000272 0.7678041505777895
793.2000000000272 0.7677202546103324
793.3000000000272 0.7676316762926507
793.4000000000273 0.7675391970475449
793.5000000000273 0.767441255310229
793.6000000000273 0.7673378515881959
793.7000000000273 0.7672289863889388
793.8000000000274 0.7671146602199502
793.9000000000274 0.7669933118547732
794.0000000000274 0.7668657227887099
794.1000000000274 0.7667411373957217
794.2000000000274 0.7666110902624159
794.3000000000275 0.7664755816819007
794.4000000000275 0.7663369543082211
794.5000000000275 0.766194427535847
794.6000000000275 0.7660511246103957
794.7000000000276 0.7659062648286343
794.8000000000276 0.7657621904677537
794.9000000000276 0.7656196822030733
795.0000000000276 0.7654795206540836
795.1000000000276 0.7653526378771102
795.2000000000277 0.7652288790226359
795.3000000000277 0.7651066826625795
795.4000000000277 0.7649868294641491
795.5000000000277 0.7648685387097011
795.6000000000278 0.7647502490143833
795.7000000000278 0.7646319603781956
795.8000000000278 0.7645136728011379
795.9000000000278 0.7643946056123987
796.0000000000279 0.764273197488371
796.1000000000279 0.7641598183759724
796.2000000000279 0.7640456566886156
796.3000000000279 0.7639314930935094
796.400000000028 0.763818888974624
796.500000000028 0.7637094057654804
796.600000000028 0.7636030435404071
796.700000000028 0.7635021445054317
796.800000000028 0.763406708790629
796.9000000000281 0.7633198594178913
797.0000000000281 0.7632408158624729
797.1000000000281 0.7631758971945581
797.2000000000281 0.7631195646448056
797.3000000000281 0.763071037815893
797.4000000000282 0.7630271939460781
797.5000000000282 0.7629872524500038
797.6000000000282 0.7629504326980693
797.7000000000282 0.762915173209855
797.8000000000283 0.7628799124164545
797.9000000000283 0.7628423078317774
798.0000000000283 0.7628023593562745
798.1000000000283 0.7627549833563134
798.2000000000284 0.7627021403298965
798.3000000000284 0.7626430492583338
798.4000000000284 0.7625784908322717
798.5000000000284 0.7625061222640388
798.6000000000284 0.7624267242144593
798.7000000000285 0.7623387346983416
798.8000000000285 0.7622413725702508
798.9000000000285 0.7621338566549314
799.0000000000285 0.7620161866616145
799.1000000000286 0.7618796526587415
799.2000000000286 0.761734528846797
799.3000000000286 0.7615831579848303
799.4000000000286 0.7614263210005813
799.5000000000286 0.7612687033738852
799.6000000000287 0.761110305106757
799.7000000000287 0.7609550307492802
799.8000000000287 0.7608036612023431
799.9000000000287 0.7606601009972342
800.0000000000288 0.7605259119289987
800.1000000000288 0.7603441948505884
800.2000000000288 0.7601726470550613
800.3000000000288 0.7600097047238332
800.4000000000289 0.7598545851887535
800.5000000000289 0.7597049448163925
800.6000000000289 0.7595600017885207
800.7000000000289 0.7594181940471032
800.800000000029 0.7592787404417048
800.900000000029 0.7591392993422801
801.000000000029 0.7589983101478048
801.100000000029 0.7588702488867695
801.200000000029 0.7587398568056993
801.3000000000291 0.7586094748061365
801.4000000000291 0.7584798830052953
801.5000000000291 0.7583518613370898
801.6000000000291 0.758226969577697
801.7000000000291 0.7581052071772174
801.8000000000292 0.7579881334535781
801.9000000000292 0.7578773073581062
802.0000000000292 0.7577727277910125
802.1000000000292 0.757714559977828
802.2000000000293 0.7576634114515938
802.3000000000293 0.7576185022238578
802.4000000000293 0.7575790523305327
802.5000000000293 0.757543502020088
802.6000000000294 0.7575118512011563
802.7000000000294 0.7574825401831183
802.8000000000294 0.7574547891176197
802.9000000000294 0.7574285979681123
803.0000000000294 0.7574016273540012
803.1000000000295 0.7573989220287154
803.2000000000295 0.7573962156005469
803.3000000000295 0.7573927282290608
803.4000000000295 0.7573884598551738
803.5000000000296 0.7573834104198036
803.6000000000296 0.7573791396629027
803.7000000000296 0.7573740878051296
803.8000000000296 0.7573690347263078
803.9000000000296 0.7573639804264376
804.0000000000297 0.75735892490551
804.1000000000297 0.7573241530739501
804.2000000000297 0.7572893819451398
804.3000000000297 0.7572546115190795
804.4000000000298 0.757219841795769
804.5000000000298 0.7571858526949408
804.6000000000298 0.7571510843654172
804.7000000000298 0.7571163167386434
804.8000000000299 0.7570815498146193
804.9000000000299 0.7570467835933449
805.0000000000299 0.7570112382136427
805.1000000000299 0.7569512090714902
805.20000000003 0.7568904024529748
805.30000000003 0.7568280387137263
805.40000000003 0.7567625586372723
805.50000000003 0.7566931829767114
805.60000000003 0.7566206919184142
805.7000000000301 0.7565419674630379
805.8000000000301 0.7564585696219899
805.9000000000301 0.756368160437765
806.0000000000301 0.7562707408859651
806.1000000000301 0.7561634528625173
806.2000000000302 0.7560499363427017
806.3000000000302 0.7559325304001833
806.4000000000302 0.75581123560912
806.5000000000302 0.7556891697774694
806.6000000000303 0.7555678915604092
806.7000000000303 0.7554481800750046
806.8000000000303 0.7553331518660671
806.9000000000303 0.7552228062446096
807.0000000000304 0.7551202589899029
807.1000000000304 0.7550337897954015
807.2000000000304 0.7549551156191325
807.3000000000304 0.7548857935959138
807.4000000000304 0.7548234856416786
807.5000000000305 0.7547681909319445
807.6000000000305 0.754720687576074
807.7000000000305 0.7546794168513562
807.8000000000305 0.7546443780249172
807.9000000000306 0.7546147915216468
808.0000000000306 0.7545906567002798
808.1000000000306 0.7545699114483178
808.2000000000306 0.7545546166038494
808.3000000000306 0.7545424353494508
808.4000000000307 0.754533367302799
808.5000000000307 0.7545274120815705
808.6000000000307 0.7545230120623646
808.7000000000307 0.7545201670540199
808.8000000000308 0.7545188768653744
808.9000000000308 0.7545168057303925
809.0000000000308 0.7545155107308468
809.1000000000308 0.7545026248994542
809.2000000000309 0.7544889576202536
809.3000000000309 0.7544729522869401
809.4000000000309 0.754454609279405
809.5000000000309 0.7544339289775391
809.600000000031 0.7544085770417224
809.700000000031 0.7543793324293641
809.800000000031 0.7543461957736156
809.900000000031 0.7543068333680092
810.000000000031 0.7542620242965965
810.1000000000311 0.7542495935467562
810.2000000000311 0.7542317163954974
810.3000000000311 0.7542099490206472
810.4000000000311 0.7541842914580406
810.5000000000312 0.7541555218025641
810.6000000000312 0.754125196196211
810.7000000000312 0.7540940927075894
810.8000000000312 0.7540637674476357
810.9000000000312 0.7540334423596879
811.0000000000313 0.7540054515850672
811.1000000000313 0.7539805731469904
811.2000000000313 0.7539580289744614
811.3000000000313 0.7539385970859198
811.4000000000314 0.7539230554902492
811.5000000000314 0.7539106261164525
811.6000000000314 0.7539013089358632
811.7000000000314 0.7538966599805815
811.8000000000314 0.753895123151616
811.9000000000315 0.7538974764459054
812.0000000000315 0.7539044978508328
812.1000000000315 0.7539154093025678
812.2000000000315 0.7539286547283971
812.3000000000316 0.7539442341068192
812.4000000000316 0.753959035361687
812.5000000000316 0.753971502477622
812.6000000000316 0.7539816354761244
812.7000000000317 0.75398710035921
812.8000000000317 0.7539855631575633
812.9000000000317 0.7539770239356851
813.0000000000317 0.7539591487600942
813.1000000000317 0.7539311597198548
813.2000000000318 0.7538946128972358
813.3000000000318 0.7538495083710743
813.4000000000318 0.7537997361690656
813.5000000000318 0.7537452963342115
813.6000000000319 0.753688522864496
813.7000000000319 0.75363097174663
813.8000000000319 0.753574198948213
813.9000000000319 0.7535197604177333
814.000000000032 0.7534692120845665
814.100000000032 0.7534241098589767
814.200000000032 0.753383675720135
814.300000000032 0.7533471316567686
814.400000000032 0.753313699667161
814.5000000000321 0.753283379722644
814.6000000000321 0.7532538379112366
814.7000000000321 0.7532250742257719
814.8000000000321 0.7531963107027561
814.9000000000322 0.7531667693882516
815.0000000000322 0.7531348943863276
815.1000000000322 0.7531006857184852
815.2000000000322 0.7530641434062253
815.3000000000322 0.7530260454154296
815.4000000000323 0.7529856138184398
815.5000000000323 0.7529436265763603
815.6000000000323 0.7529008616407397
815.7000000000323 0.7528573190187446
815.8000000000324 0.7528122207851059
815.9000000000324 0.7527679007443002
816.0000000000324 0.7527228030338439
816.1000000000324 0.7526784835114432
816.2000000000324 0.7526349421699314
816.3000000000325 0.7525921790021425
816.4000000000325 0.7525525277552183
816.5000000000325 0.752514432569064
816.6000000000325 0.752480227169321
816.7000000000326 0.7524499115201554
816.8000000000326 0.75242426349428
816.9000000000326 0.7524032830486941
817.0000000000326 0.7523885259479347
817.1000000000327 0.7523792142332865
817.2000000000327 0.7523753478545806
817.3000000000327 0.7523753709684435
817.4000000000327 0.7523769498564
817.5000000000327 0.7523800845041161
817.6000000000328 0.7523832191183859
817.7000000000328 0.7523840200380697
817.8000000000328 0.7523824872846676
817.9000000000328 0.752377065115142
818.0000000000329 0.7523654199256882
818.1000000000329 0.7523475517736415
818.2000000000329 0.7523242385914392
818.3000000000329 0.7522970361746757
818.400000000033 0.7522675002998331
818.500000000033 0.7522356309884134
818.600000000033 0.752204539724101
818.700000000033 0.7521750043628868
818.800000000033 0.7521485806119732
818.9000000000331 0.7521260463010723
819.0000000000331 0.7521089571063306
819.1000000000331 0.7520988686847815
819.2000000000331 0.7520926695670733
819.3000000000332 0.7520895818685479
819.4000000000332 0.7520864941747993
819.5000000000332 0.7520802951096458
819.6000000000332 0.7520694290184414
819.7000000000332 0.7520515624263839
819.8000000000333 0.7520235840504612
819.9000000000333 0.751983938314863
820.0000000000333 0.75193029183079
820.1000000000333 0.7518603112381123
820.2000000000334 0.7517771079966253
820.3000000000334 0.7516822378780351
820.4000000000334 0.7515803679251137
820.5000000000334 0.751473831662831
820.6000000000334 0.7513649625874899
820.7000000000335 0.751257649797481
820.8000000000335 0.7511550045304265
820.9000000000335 0.7510593601751263
821.0000000000335 0.750973827899923
821.1000000000336 0.7509015188349344
821.2000000000336 0.7508408772514579
821.3000000000336 0.7507926808430337
821.4000000000336 0.7507553738976811
821.5000000000337 0.750727400722532
821.6000000000337 0.7507095390254603
821.7000000000337 0.750701010921808
821.8000000000337 0.7506994829582746
821.9000000000337 0.7507049550703581
822.0000000000338 0.7507174271935558
822.1000000000338 0.7507345659175682
822.2000000000338 0.7507540378607627
822.3000000000338 0.7507735096701738
822.4000000000339 0.7507883146972079
822.5000000000339 0.7507961196677356
822.6000000000339 0.7507938135663073
822.7000000000339 0.7507775076480987
822.800000000034 0.7507448687464834
822.900000000034 0.7506920081978616
823.000000000034 0.7506165929072763
823.100000000034 0.7505162898084402
823.200000000034 0.7503949879089639
823.3000000000341 0.7502573539219437
823.4000000000341 0.7501088322540175
823.5000000000341 0.7499540894964449
823.6000000000341 0.7497993476753458
823.7000000000342 0.7496477177655585
823.8000000000342 0.7495061994102972
823.9000000000342 0.7493794589499807
824.0000000000342 0.7492713849311503
824.1000000000342 0.7491866435867189
824.2000000000343 0.7491236792381509
824.3000000000343 0.7490786030378964
824.4000000000343 0.7490490816401569
824.5000000000343 0.7490312262786077
824.6000000000344 0.749022703679119
824.7000000000344 0.7490204028764097
824.8000000000344 0.749019657508561
824.9000000000344 0.7490189121311556
825.0000000000344 0.7490150558935817
825.1000000000345 0.7490042002731891
825.2000000000345 0.7489855676266046
825.3000000000345 0.7489576026145246
825.4000000000345 0.7489179722136617
825.5000000000346 0.748865898830811
825.6000000000346 0.7488006048823229
825.7000000000346 0.7487197574022447
825.8000000000346 0.7486218011468319
825.9000000000347 0.7485059585826034
826.0000000000347 0.7483698968081087
826.1000000000347 0.7482143936960617
826.2000000000347 0.7480417824775913
826.3000000000347 0.7478582847631383
826.4000000000348 0.7476670113698696
826.5000000000348 0.7474741837839997
826.6000000000348 0.7472829127175813
826.7000000000348 0.7470994195326033
826.8000000000349 0.7469268148360034
826.9000000000349 0.7467705421982833
827.0000000000349 0.7466360451230526
827.1000000000349 0.7465256563970909
827.200000000035 0.7464378204780338
827.300000000035 0.746370981842627
827.400000000035 0.7463204743654595
827.500000000035 0.7462847425901689
827.600000000035 0.7462606757784249
827.7000000000351 0.7462451632301215
827.8000000000351 0.7462358719291367
827.9000000000351 0.7462296912446441
828.0000000000351 0.7462242882250242
828.1000000000352 0.7462165523087301
828.2000000000352 0.7462049282448515
828.3000000000352 0.7461901937030385
828.4000000000352 0.7461692381862475
828.5000000000352 0.7461428393808519
828.6000000000353 0.7461102197103694
828.7000000000353 0.7460690463593519
828.8000000000353 0.7460193194066348
828.9000000000353 0.7459602613115703
829.0000000000354 0.7458903169259729
829.1000000000354 0.7458094863501791
829.2000000000354 0.7457193249091583
829.3000000000354 0.7456213879087679
829.4000000000354 0.7455172306357541
829.5000000000355 0.7454084083577514
829.6000000000355 0.745297253926042
829.7000000000355 0.7451845449624986
829.8000000000355 0.7450718366774212
829.9000000000356 0.7449622394531835
830.0000000000356 0.7448565308543073
830.1000000000356 0.7447111760260633
830.2000000000356 0.7445704985315689
830.3000000000357 0.7444321651533138
830.4000000000357 0.7442938432576497
830.5000000000357 0.7441539781447177
830.6000000000357 0.7440117928051729
830.7000000000357 0.7438657331716715
830.8000000000358 0.7437119139542184
830.9000000000358 0.7435511137677738
831.0000000000358 0.7433802254994093
831.1000000000358 0.743205194841442
831.2000000000359 0.7430193003424425
831.3000000000359 0.742824097714327
831.4000000000359 0.7426203653958462
831.5000000000359 0.7424096585577519
831.600000000036 0.742191201467115
831.700000000036 0.7419681026338072
831.800000000036 0.7417395860335032
831.900000000036 0.7415079827363974
832.000000000036 0.7412732932420282
832.1000000000361 0.7410418601954158
832.2000000000361 0.7408104456729655
832.3000000000361 0.7405798262552247
832.4000000000361 0.7403523314641811
832.5000000000362 0.7401295138751853
832.6000000000362 0.739912925770715
832.7000000000362 0.7397041191403759
832.8000000000362 0.7395038692834008
832.9000000000362 0.7393152804352637
833.0000000000363 0.739138350948562
833.1000000000363 0.738980671668328
833.2000000000363 0.7388354228383657
833.3000000000363 0.7387018267358075
833.4000000000364 0.7385783295621402
833.5000000000364 0.7384641539363722
833.6000000000364 0.7383577464640246
833.7000000000364 0.738258330105982
833.8000000000364 0.7381643518718004
833.9000000000365 0.7380750350642401
834.0000000000365 0.7379888270968894
834.1000000000365 0.7378970383531531
834.2000000000365 0.7378052550885141
834.3000000000366 0.7377103737120435
834.4000000000366 0.7376108429684681
834.5000000000366 0.737502784449513
834.6000000000366 0.7373854236465118
834.7000000000367 0.7372556589749658
834.8000000000367 0.7371111651725453
834.9000000000367 0.7369496174399432
835.0000000000367 0.7367686914408693
835.1000000000367 0.7365515015031426
835.2000000000368 0.7363149469284443
835.3000000000368 0.7360636846024926
835.4000000000368 0.7358008192799724
835.5000000000368 0.7355286794858468
835.6000000000369 0.7352519189859307
835.7000000000369 0.7349728644989272
835.8000000000369 0.734694617276472
835.9000000000369 0.7344218279644781
836.000000000037 0.7341560455740713
836.100000000037 0.7338854670557582
836.200000000037 0.7336242251460044
836.300000000037 0.7333715424119454
836.400000000037 0.733125092115632
836.5000000000371 0.7328840978222634
836.6000000000371 0.7326462340771155
836.7000000000371 0.7324107254434515
836.8000000000371 0.7321752477497726
836.9000000000372 0.7319390265574065
837.0000000000372 0.7316997389780726
837.1000000000372 0.7314387872149676
837.2000000000372 0.7311716828873364
837.3000000000372 0.7308968799651726
837.4000000000373 0.7306128331397389
837.5000000000373 0.7303172239069768
837.6000000000373 0.7300085086711616
837.7000000000373 0.7296843708215658
837.8000000000374 0.7293440421215891
837.9000000000374 0.7289844340274046
838.0000000000374 0.7286047798351128
838.1000000000374 0.7282146606352259
838.2000000000374 0.7278021789955648
838.3000000000375 0.7273665684277226
838.4000000000375 0.7269070627533997
838.5000000000375 0.7264228961044021
838.6000000000375 0.7259148489239144
838.7000000000376 0.7253813825756857
838.8000000000376 0.7248217318892607
838.9000000000376 0.7242366775404048
839.0000000000376 0.7236246818231978
839.1000000000377 0.7230195154375516
839.2000000000377 0.7223881423347901
839.3000000000377 0.7217344296452406
839.4000000000377 0.7210591535680227
839.5000000000377 0.7203638626123362
839.6000000000378 0.7196516498229976
839.7000000000378 0.7189232903845946
839.8000000000378 0.7181818763696842
839.9000000000378 0.7174281822442289
840.0000000000379 0.7166645268407282
840.1000000000379 0.7159203713175495
840.2000000000379 0.7151669719530774
840.3000000000379 0.7144035569537599
840.400000000038 0.7136285823555225
840.500000000038 0.7128412764985782
840.600000000038 0.7120393233820915
840.700000000038 0.7112234958818936
840.800000000038 0.7103914781430736
840.9000000000381 0.7095424987733773
841.0000000000381 0.7086757864291668
841.1000000000381 0.7077286828540915
841.2000000000381 0.706760912421737
841.3000000000382 0.7057693938002533
841.4000000000382 0.7047533624083616
841.5000000000382 0.7037097387079565
841.6000000000382 0.7026362160870274
841.7000000000382 0.7015320320699937
841.8000000000383 0.7003941099263502
841.9000000000383 0.6992201456177232
842.0000000000383 0.698009378774226
842.1000000000383 0.6967462396092
842.2000000000384 0.695442508736027
842.3000000000384 0.6940966585726063
842.4000000000384 0.6927071622714134
842.5000000000384 0.6912732646266985
842.6000000000384 0.6897934399846123
842.7000000000385 0.6882661634258764
842.8000000000385 0.6866899107657831
842.9000000000385 0.6850646996340438
843.0000000000385 0.6833874658679675
843.1000000000386 0.6816700257435182
843.2000000000386 0.6798990010152832
843.3000000000386 0.6780728677406287
843.4000000000386 0.6761916428731286
843.5000000000387 0.6742538032550365
843.6000000000387 0.6722585963336865
843.7000000000387 0.670204499971688
843.8000000000387 0.6680907624797486
843.9000000000387 0.6659166324825389
844.0000000000388 0.6636805892554705
844.1000000000388 0.661401329912708
844.2000000000388 0.6590631441946557
844.3000000000388 0.6566691231835085
844.4000000000389 0.6542223570533897
844.5000000000389 0.6517282432086503
844.6000000000389 0.6491891001737694
844.7000000000389 0.6466087843240247
844.800000000039 0.6439911508995901
844.900000000039 0.6413392848531305
845.000000000039 0.6386570393248862
845.100000000039 0.6359490483486082
845.200000000039 0.6332114405024997
845.3000000000391 0.6304388395619179
845.4000000000391 0.6276289463322754
845.5000000000391 0.6247779246145329
845.6000000000391 0.6218811705166736
845.7000000000392 0.6189363875955192
845.8000000000392 0.6159389740630729
845.9000000000392 0.6128858666463709
846.0000000000392 0.6097724658232868
846.1000000000392 0.6065914040203728
846.2000000000393 0.6033447490998184
846.3000000000393 0.6000317482642884
846.4000000000393 0.5966501123286629
846.5000000000393 0.5931975528323555
846.6000000000394 0.5896725502332256
846.7000000000394 0.5860735854721626
846.8000000000394 0.5823983718999399
846.9000000000394 0.5786453916046504
847.0000000000394 0.574812359205022
847.1000000000395 0.5709007618606325
847.2000000000395 0.5669129693202182
847.3000000000395 0.5628528379908242
847.4000000000395 0.5587272939864995
847.5000000000396 0.5545401906772828
847.6000000000396 0.5502969154690566
847.7000000000396 0.5460020865888375
847.8000000000396 0.5416610883470933
847.9000000000397 0.537278535992248
848.0000000000397 0.5328605781076994
848.1000000000397 0.5284024323894682
848.2000000000397 0.5239120983159665
848.3000000000397 0.5193880505758276
848.4000000000398 0.5148295315053124
848.5000000000398 0.5102350167006781
848.6000000000398 0.5056037492661645
848.7000000000398 0.5009342057056578
848.8000000000399 0.4962248630815764
848.9000000000399 0.49147419901489325
849.0000000000399 0.4866822250254487
849.1000000000399 0.4818559808546949
849.20000000004 0.47698981146354397
849.30000000004 0.47208602529195764
849.40000000004 0.46714846299633
849.50000000004 0.4621801977199219
849.60000000004 0.4571843017068586
849.7000000000401 0.45216461257892016
849.8000000000401 0.44712266817215285
849.9000000000401 0.442063070530666
850.0000000000401 0.43698812202521664
850.1000000000402 0.43190262302067056
850.2000000000402 0.42680865096932563
850.3000000000402 0.4217108035011013
850.4000000000402 0.41661291104808645
850.5000000000402 0.4115180371169152
850.6000000000403 0.4064300101238328
850.7000000000403 0.401353423122278
850.8000000000403 0.39629133651341264
850.9000000000403 0.3912475754445747
851.0000000000404 0.3862267295368358
851.1000000000404 0.3812383548541482
851.2000000000404 0.37627269703763727
851.3000000000404 0.37132745628529323
851.4000000000404 0.36640033327386706
851.5000000000405 0.36148826379492593
851.6000000000405 0.3565881842783685
851.7000000000405 0.3516970317924199
851.8000000000405 0.3468132745320756
851.9000000000406 0.3419338506028502
852.0000000000406 0.3370549335841329
852.1000000000406 0.3321721232236037
852.2000000000406 0.3272922214618375
852.3000000000407 0.3224182879429326
852.4000000000407 0.31755567645279065
852.5000000000407 0.3127066797334124
852.6000000000407 0.30787664944687876
852.7000000000407 0.3030694062506432
852.8000000000408 0.29828800505849884
852.9000000000408 0.2935370294719977
853.0000000000408 0.2888202972524781
853.1000000000408 0.2841296081375171
853.2000000000409 0.2794811857269685
853.3000000000409 0.27487654584240806
853.4000000000409 0.2703194967385437
853.5000000000409 0.2658123165005012
853.600000000041 0.2613588106423514
853.700000000041 0.25696201894852777
853.800000000041 0.2526234518399584
853.900000000041 0.24834614700531385
854.000000000041 0.24413466859490343
854.1000000000411 0.2399760713254744
854.2000000000411 0.23588216887333388
854.3000000000411 0.23184758635168606
854.4000000000411 0.22786847905994034
854.5000000000412 0.22394024146534106
854.6000000000412 0.22005979724739833
854.7000000000412 0.21622254598649276
854.8000000000412 0.21242389018479071
854.9000000000412 0.2086599980462733
855.0000000000413 0.2049262775514647
855.1000000000413 0.20122286007795145
855.2000000000413 0.19754797423528664
855.3000000000413 0.19390541947464612
855.4000000000414 0.19029670637223123
855.5000000000414 0.1867248687953818
855.6000000000414 0.18319370079423314
855.7000000000414 0.179703946686011
855.8000000000415 0.17625939737023846
855.9000000000415 0.17286307985043928
856.0000000000415 0.16951725779672616
856.1000000000415 0.16622992682850793
856.2000000000415 0.16299663154781027
856.3000000000416 0.15981811511444752
856.4000000000416 0.15669588153122352
856.5000000000416 0.15363143411085625
856.6000000000416 0.150624753444998
856.7000000000417 0.1476773419837778
856.8000000000417 0.14479070148724643
856.9000000000417 0.14196557226867001
857.0000000000417 0.13920269429627066
857.1000000000417 0.1365096915894827
857.2000000000418 0.13387787293337172
857.3000000000418 0.13130266367138418
857.4000000000418 0.12878253221201533
857.5000000000418 0.12631366605406957
857.6000000000419 0.12389301403741419
857.7000000000419 0.12151828610347576
857.8000000000419 0.11918567219395662
857.9000000000419 0.11689288368728729
858.000000000042 0.11463687234523035
858.100000000042 0.11241839782113094
858.200000000042 0.11023425904562019
858.300000000042 0.10808369290260414
858.400000000042 0.10596821667312707
858.5000000000421 0.10388630713825969
858.6000000000421 0.1018402415489393
858.7000000000421 0.09982849670839498
858.8000000000421 0.0978525896539454
858.9000000000422 0.09591251726155695
859.0000000000422 0.09400827640718958
859.1000000000422 0.09214020347915433
859.2000000000422 0.0903087022864029
859.3000000000422 0.08851225021799845
859.4000000000423 0.08675084460280556
859.5000000000423 0.08502372289656537
859.6000000000423 0.08333012263244591
859.7000000000423 0.08167080108984928
859.8000000000424 0.08004423602560433
859.9000000000424 0.07845042494278037
860.0000000000424 0.07688936534443978
860.1000000000424 0.07535768345003192
860.2000000000425 0.0738580619049661
860.3000000000425 0.07238897659354492
860.4000000000425 0.07095118257698531
860.5000000000425 0.06954315600576606
860.6000000000425 0.06816565197912612
860.7000000000426 0.06681714691372218
860.8000000000426 0.06549839594681683
860.9000000000426 0.06420787576124609
861.0000000000426 0.06294634153229874
861.1000000000427 0.0617146950694953
861.2000000000427 0.06050968304529024
861.3000000000427 0.05933130361884992
861.4000000000427 0.05817955494934374
861.5000000000427 0.05705215727065871
861.6000000000428 0.05594986819064233
861.7000000000428 0.05487116742692654
861.8000000000428 0.053816053349057744
861.9000000000428 0.052782246611688656
862.0000000000429 0.051771264183688166
862.1000000000429 0.05078350630060187
862.2000000000429 0.04981694915462459
862.3000000000429 0.04887007606134265
862.400000000043 0.04794364808875745
862.500000000043 0.0470369077281681
862.600000000043 0.046149097380766564
862.700000000043 0.04528097811455177
862.800000000043 0.044431032884674704
862.9000000000431 0.043600022736609324
863.0000000000431 0.042787189913855085
863.1000000000431 0.04199087698442325
863.2000000000431 0.041212018474141916
863.3000000000432 0.04044757695551088
863.4000000000432 0.03969831225625985
863.5000000000432 0.038961186842516184
863.6000000000432 0.038236960498207455
863.7000000000432 0.03752259558308881
863.8000000000433 0.036817332845092664
863.9000000000433 0.03612117250947852
864.0000000000433 0.0354310767670558
864.1000000000433 0.034745107167001264
864.2000000000434 0.034066037578109276
864.3000000000434 0.03339386702520676
864.4000000000434 0.032730113261405895
864.5000000000434 0.03207401576680437
864.6000000000435 0.03142785133359714
864.7000000000435 0.03079085929741228
864.8000000000435 0.030164556797362605
864.9000000000435 0.02954970150006816
865.0000000000435 0.02894629178023996
865.1000000000436 0.028354292974474823
865.2000000000436 0.02777531754200755
865.3000000000436 0.027211638266378454
865.4000000000436 0.026662491651968205
865.5000000000437 0.02613014955056355
865.6000000000437 0.0256146068375192
865.7000000000437 0.0251181341999299
865.8000000000437 0.024639967288066465
865.9000000000437 0.02418161740865036
866.0000000000438 0.023744595247231305
866.1000000000438 0.023328440647565455
866.2000000000438 0.0229313414092283
866.3000000000438 0.0225510163214679
866.4000000000439 0.022185943283637804
866.5000000000439 0.021831569298147113
866.6000000000439 0.021487890484559773
866.7000000000439 0.021150356617023244
866.800000000044 0.02081745021445524
866.900000000044 0.02048689699545082
867.000000000044 0.020155666340237646
867.100000000044 0.019822320731191473
867.200000000044 0.019486781499235356
867.3000000000441 0.019149049449442887
867.4000000000441 0.01881063956539195
867.5000000000441 0.01847079511564145
867.6000000000441 0.018131787367947627
867.7000000000442 0.017793616053952716
867.8000000000442 0.017456280905298913
867.9000000000442 0.017120538295619006
868.0000000000442 0.016787900793269844
868.1000000000442 0.01645761221880758
868.2000000000443 0.01613193947758828
868.3000000000443 0.015810880960588445
868.4000000000443 0.015495947448737035
868.5000000000443 0.015188649007839568
868.6000000000444 0.014888982956190342
868.7000000000444 0.014598458465693454
868.8000000000444 0.014317828155716139
868.9000000000444 0.014047844288066385
869.0000000000445 0.013790770084258072
869.1000000000445 0.013546230797888663
869.2000000000445 0.01331382360088296
869.3000000000445 0.013092034324417709
869.4000000000445 0.012879349342823409
869.5000000000446 0.01267425557358289
869.6000000000446 0.012475240477332608
869.7000000000446 0.012281547241237235
869.8000000000446 0.01209166420855639
869.9000000000447 0.011904080265703366
870.0000000000447 0.011717284842244192
870.1000000000447 0.011530474298177794
870.2000000000447 0.011343698721076715
870.3000000000447 0.011157712877419986
870.4000000000448 0.010971007163178148
870.5000000000448 0.010785845664576847
870.6000000000448 0.010600718848656937
870.7000000000448 0.01041713567980936
870.8000000000449 0.010234341320483282
870.9000000000449 0.01005308989751941
